0	0
0.01	0
0.02	0
0.03	0
0.04	0
0.05	0
0.06	0
0.07	0
0.08	0
0.09	0
0.1	0
0.11	2.50543E-25
0.12	-6.34508E-23
0.13	-6.9997E-21
0.14	1.05838E-18
0.15	-5.0774E-17
0.16	6.69632E-16
0.17	3.33399E-14
0.18	3.46753E-14
0.19	4.45119E-14
0.2	-1.13435E-12
0.21	-5.86177E-12
0.22	1.04111E-12
0.23	6.06001E-11
0.24	1.12064E-10
0.25	-3.26516E-09
0.26	-2.57999E-08
0.27	-9.15131E-08
0.28	-2.03426E-07
0.29	-3.27168E-07
0.3	-3.99388E-07
0.31	-3.50754E-07
0.32	-1.59099E-07
0.33	1.07051E-07
0.34	2.88677E-07
0.35	1.44727E-07
0.36	-6.29282E-07
0.37	-2.33448E-06
0.38	-5.1662E-06
0.39	-9.1258E-06
0.4	-1.39946E-05
0.41	-1.93882E-05
0.42	-2.49255E-05
0.43	-3.05228E-05
0.44	-3.67246E-05
0.45	-4.49097E-05
0.46	-5.72935E-05
0.47	-7.6726E-05
0.48	-0.000106233
0.49	-0.000148285
0.5	-0.000203947
0.51	-0.000272348
0.52	-0.000350723
0.53	-0.000434848
0.54	-0.000519726
0.55	-0.000600657
0.56	-0.000674583
0.57	-0.00074079
0.58	-0.000800608
0.59	-0.000856884
0.6	-0.000913615
0.61	-0.000975068
0.62	-0.001044341
0.63	-0.001122806
0.64	-0.001210828
0.65	-0.001308275
0.66	-0.001414041
0.67	-0.001526114
0.68	-0.001642558
0.69	-0.00176173
0.7	-0.001881215
0.71	-0.00199789
0.72	-0.002109611
0.73	-0.002215987
0.74	-0.002317186
0.75	-0.002413757
0.76	-0.002507953
0.77	-0.002603352
0.78	-0.00270203
0.79	-0.002803759
0.8	-0.002908043
0.81	-0.003014899
0.82	-0.003122912
0.83	-0.003229329
0.84	-0.003332572
0.85	-0.003432444
0.86	-0.003526886
0.87	-0.003611583
0.88	-0.003683205
0.89	-0.003740783
0.9	-0.003783548
0.91	-0.003811616
0.92	-0.003829432
0.93	-0.003845542
0.94	-0.00386737
0.95	-0.003899229
0.96	-0.003944377
0.97	-0.004004814
0.98	-0.004077602
0.99	-0.004155847
1	-0.004234045
1.01	-0.004309734
1.02	-0.004379734
1.03	-0.004439991
1.04	-0.004489247
1.05	-0.00452875
1.06	-0.004557078
1.07	-0.004570145
1.08	-0.004566371
1.09	-0.004547883
1.1	-0.004516172
1.11	-0.004472387
1.12	-0.004421792
1.13	-0.004373172
1.14	-0.0043323
1.15	-0.004300779
1.16	-0.004280076
1.17	-0.004271532
1.18	-0.004271533
1.19	-0.004272678
1.2	-0.004269989
1.21	-0.004262148
1.22	-0.004246666
1.23	-0.004220023
1.24	-0.004182246
1.25	-0.00413649
1.26	-0.004083261
1.27	-0.004020654
1.28	-0.003949727
1.29	-0.003874708
1.3	-0.003797396
1.31	-0.003717184
1.32	-0.003635735
1.33	-0.003556558
1.34	-0.003479395
1.35	-0.003400964
1.36	-0.003320801
1.37	-0.00324205
1.38	-0.003166634
1.39	-0.003095712
1.4	-0.003034031
1.41	-0.00298882
1.42	-0.002963553
1.43	-0.002957612
1.44	-0.002970676
1.45	-0.003002559
1.46	-0.003048583
1.47	-0.003100833
1.48	-0.003153953
1.49	-0.003205909
1.5	-0.003253673
1.51	-0.00329419
1.52	-0.003329215
1.53	-0.003364443
1.54	-0.003403274
1.55	-0.003446335
1.56	-0.003495743
1.57	-0.003554611
1.58	-0.003621952
1.59	-0.003693754
1.6	-0.003768562
1.61	-0.0038475
1.62	-0.003928659
1.63	-0.004007184
1.64	-0.004080333
1.65	-0.004147766
1.66	-0.004207055
1.67	-0.004255448
1.68	-0.004296168
1.69	-0.004338285
1.7	-0.004389675
1.71	-0.004455029
1.72	-0.00453851
1.73	-0.004641458
1.74	-0.004756088
1.75	-0.004867376
1.76	-0.004961656
1.77	-0.005030057
1.78	-0.005065473
1.79	-0.005064133
1.8	-0.005030311
1.81	-0.004973882
1.82	-0.004901664
1.83	-0.004816131
1.84	-0.004720859
1.85	-0.004621558
1.86	-0.004522067
1.87	-0.004426641
1.88	-0.004345667
1.89	-0.004293448
1.9	-0.00427892
1.91	-0.004302843
1.92	-0.00436094
1.93	-0.00444335
1.94	-0.004531799
1.95	-0.004605245
1.96	-0.004650332
1.97	-0.004664087
1.98	-0.004648627
1.99	-0.004609388
2	-0.004556114
2.01	-0.004498122
2.02	-0.004436774
2.03	-0.004367404
2.04	-0.004287943
2.05	-0.004201811
2.06	-0.004114193
2.07	-0.004032006
2.08	-0.003965526
2.09	-0.003923501
2.1	-0.003905087
2.11	-0.003900658
2.12	-0.003899334
2.13	-0.003892366
2.14	-0.003871978
2.15	-0.003834059
2.16	-0.003781902
2.17	-0.003722693
2.18	-0.003659644
2.19	-0.003590881
2.2	-0.003513773
2.21	-0.003425642
2.22	-0.003321911
2.23	-0.003199772
2.24	-0.0030639
2.25	-0.002924924
2.26	-0.002792277
2.27	-0.002671275
2.28	-0.002563452
2.29	-0.002463901
2.3	-0.002358672
2.31	-0.002230246
2.32	-0.002067331
2.33	-0.001869177
2.34	-0.001643851
2.35	-0.001406786
2.36	-0.001177678
2.37	-0.000971996
2.38	-0.000792501
2.39	-0.000630009
2.4	-0.00047121
2.41	-0.000305002
2.42	-0.000126326
2.43	5.95798E-05
2.44	0.000236754
2.45	0.000386079
2.46	0.000495782
2.47	0.00056633
2.48	0.000610008
2.49	0.000649002
2.5	0.000710432
2.51	0.000816819
2.52	0.000977539
2.53	0.001186922
2.54	0.001427965
2.55	0.00167693
2.56	0.001909513
2.57	0.0021088
2.58	0.002270499
2.59	0.002400883
2.6	0.002510653
2.61	0.00260976
2.62	0.002703933
2.63	0.002791998
2.64	0.002867251
2.65	0.002923215
2.66	0.002959239
2.67	0.00298161
2.68	0.003001785
2.69	0.003033489
2.7	0.003088323
2.71	0.003170656
2.72	0.003276234
2.73	0.003395033
2.74	0.003515537
2.75	0.00362735
2.76	0.003723544
2.77	0.003802122
2.78	0.003864767
2.79	0.003912925
2.8	0.0039456
2.81	0.003959911
2.82	0.003953303
2.83	0.003925459
2.84	0.003881054
2.85	0.003831218
2.86	0.003791024
2.87	0.003773242
2.88	0.003782923
2.89	0.003815111
2.9	0.00385593
2.91	0.00388643
2.92	0.003890092
2.93	0.003859993
2.94	0.003801277
2.95	0.003727577
2.96	0.00365501
2.97	0.003596111
2.98	0.003555265
2.99	0.003526865
3	0.003499004
3.01	0.003460314
3.02	0.003406442
3.03	0.003342679
3.04	0.003283303
3.05	0.003247392
3.06	0.00325167
3.07	0.003302502
3.08	0.003391853
3.09	0.003498953
3.1	0.003597285
3.11	0.003663449
3.12	0.003685899
3.13	0.003669667
3.14	0.003633869
3.15	0.003602278
3.16	0.003592406
3.17	0.003608148
3.18	0.003638784
3.19	0.00366398
3.2	0.003663905
3.21	0.003628887
3.22	0.003563337
3.23	0.003482624
3.24	0.00340616
3.25	0.00335007
3.26	0.003321673
3.27	0.003317742
3.28	0.003327645
3.29	0.00333872
3.3	0.003340861
3.31	0.003328923
3.32	0.003303439
3.33	0.003269898
3.34	0.003235738
3.35	0.003206127
3.36	0.003180487
3.37	0.003151652
3.38	0.003107733
3.39	0.003036735
3.4	0.002932709
3.41	0.002800384
3.42	0.002654464
3.43	0.002514217
3.44	0.002395798
3.45	0.002306272
3.46	0.00224177
3.47	0.002190874
3.48	0.002141197
3.49	0.002085674
3.5	0.002024808
3.51	0.0019645
3.52	0.001910977
3.53	0.001867064
3.54	0.001831416
3.55	0.001800518
3.56	0.001771547
3.57	0.001744693
3.58	0.001723087
3.59	0.001710965
3.6	0.001710903
3.61	0.00172244
3.62	0.001741971
3.63	0.001763538
3.64	0.001779744
3.65	0.001783159
3.66	0.001767888
3.67	0.00173145
3.68	0.001675641
3.69	0.001606417
3.7	0.001532033
3.71	0.001460508
3.72	0.001396779
3.73	0.001341923
3.74	0.001294927
3.75	0.00125627
3.76	0.001229961
3.77	0.001223279
3.78	0.001243694
3.79	0.001295061
3.8	0.001374238
3.81	0.001471045
3.82	0.001571343
3.83	0.00166177
3.84	0.001733071
3.85	0.001781222
3.86	0.001806317
3.87	0.001810692
3.88	0.001796481
3.89	0.001764215
3.9	0.001712607
3.91	0.001640117
3.92	0.001546692
3.93	0.001435457
3.94	0.001313862
3.95	0.001194699
3.96	0.001094672
3.97	0.001030721
3.98	0.001014882
3.99	0.001050637
4	0.00113138
4.01	0.0012423
4.02	0.001365256
4.03	0.001485506
4.04	0.001596398
4.05	0.001700208
4.06	0.001804844
4.07	0.001919481
4.08	0.002050229
4.09	0.002196965
4.1	0.002352168
4.11	0.002503616
4.12	0.002638954
4.13	0.002748944
4.14	0.002828384
4.15	0.002877322
4.16	0.00290154
4.17	0.002909995
4.18	0.002910271
4.19	0.002906868
4.2	0.002902162
4.21	0.002897214
4.22	0.002891938
4.23	0.002887852
4.24	0.002890779
4.25	0.002909976
4.26	0.002954028
4.27	0.003029311
4.28	0.003140484
4.29	0.003289879
4.3	0.00347533
4.31	0.00369069
4.32	0.00392739
4.33	0.00417344
4.34	0.004411363
4.35	0.004621124
4.36	0.004786995
4.37	0.004901408
4.38	0.004964627
4.39	0.004985222
4.4	0.004980178
4.41	0.004969596
4.42	0.00496838
4.43	0.004983741
4.44	0.005018022
4.45	0.00506991
4.46	0.005134052
4.47	0.005205559
4.48	0.005286942
4.49	0.005389086
4.5	0.005525622
4.51	0.005708465
4.52	0.005944354
4.53	0.006227996
4.54	0.006536176
4.55	0.006832928
4.56	0.007084367
4.57	0.007270419
4.58	0.007389136
4.59	0.007458497
4.6	0.007513618
4.61	0.007592935
4.62	0.007719587
4.63	0.007893708
4.64	0.008097846
4.65	0.008303956
4.66	0.008480139
4.67	0.008603218
4.68	0.008672123
4.69	0.008708166
4.7	0.008742413
4.71	0.008804142
4.72	0.008913169
4.73	0.009069944
4.74	0.009248891
4.75	0.009408448
4.76	0.009513739
4.77	0.009552621
4.78	0.00953796
4.79	0.009504865
4.8	0.009502129
4.81	0.00957231
4.82	0.009730098
4.83	0.009958772
4.84	0.010224379
4.85	0.010489074
4.86	0.010718126
4.87	0.010888994
4.88	0.010999057
4.89	0.011060418
4.9	0.01108627
4.91	0.011086574
4.92	0.011072178
4.93	0.011052501
4.94	0.011027468
4.95	0.01099037
4.96	0.010939212
4.97	0.010880186
4.98	0.010820678
4.99	0.010767852
5	0.010730687
5.01	0.010713434
5.02	0.010705225
5.03	0.010685448
5.04	0.010639784
5.05	0.010566519
5.06	0.010468604
5.07	0.010348473
5.08	0.010206143
5.09	0.0100335
5.1	0.009810788
5.11	0.00952082
5.12	0.00916974
5.13	0.008791623
5.14	0.008433503
5.15	0.00814069
5.16	0.007945049
5.17	0.007852639
5.18	0.007836715
5.19	0.007850199
5.2	0.007846431
5.21	0.007789792
5.22	0.007655699
5.23	0.007435714
5.24	0.007143636
5.25	0.006811092
5.26	0.00647279
5.27	0.006156035
5.28	0.005872395
5.29	0.005608262
5.3	0.005323782
5.31	0.004973725
5.32	0.004536975
5.33	0.004032282
5.34	0.003511904
5.35	0.003044089
5.36	0.002686648
5.37	0.002460097
5.38	0.002336136
5.39	0.002253805
5.4	0.00214893
5.41	0.001977245
5.42	0.001723552
5.43	0.00140249
5.44	0.001048511
5.45	0.00069997
5.46	0.000385817
5.47	0.000122821
5.48	-8.5286E-05
5.49	-0.000251101
5.5	-0.000404282
5.51	-0.000580998
5.52	-0.000808925
5.53	-0.001095105
5.54	-0.001421243
5.55	-0.001747256
5.56	-0.002028833
5.57	-0.002240898
5.58	-0.00239124
5.59	-0.002514366
5.6	-0.002654148
5.61	-0.002844658
5.62	-0.003096791
5.63	-0.003395306
5.64	-0.003711451
5.65	-0.004019362
5.66	-0.004303861
5.67	-0.00455666
5.68	-0.00477246
5.69	-0.004948333
5.7	-0.005085481
5.71	-0.005191284
5.72	-0.005283131
5.73	-0.005385447
5.74	-0.005517176
5.75	-0.005678692
5.76	-0.005851859
5.77	-0.006010062
5.78	-0.006128744
5.79	-0.006192127
5.8	-0.00619807
5.81	-0.006155159
5.82	-0.006073593
5.83	-0.005960741
5.84	-0.005828867
5.85	-0.00570189
5.86	-0.005609489
5.87	-0.005572332
5.88	-0.005590751
5.89	-0.005639692
5.9	-0.005673898
5.91	-0.005646949
5.92	-0.005539728
5.93	-0.005375233
5.94	-0.005207065
5.95	-0.005092109
5.96	-0.005066474
5.97	-0.005131175
5.98	-0.005250781
5.99	-0.005367887
6	-0.005429124
6.01	-0.005402117
6.02	-0.005275817
6.03	-0.00505511
6.04	-0.004760881
6.05	-0.004428661
6.06	-0.004099333
6.07	-0.003806696
6.08	-0.003568013
6.09	-0.00337507
6.1	-0.003191385
6.11	-0.002966412
6.12	-0.002665782
6.13	-0.002294767
6.14	-0.001898435
6.15	-0.001541658
6.16	-0.001281779
6.17	-0.001143219
6.18	-0.001105761
6.19	-0.001115621
6.2	-0.001114778
6.21	-0.001065337
6.22	-0.000955475
6.23	-0.000791852
6.24	-0.000589972
6.25	-0.000365692
6.26	-0.000129921
6.27	0.000110934
6.28	0.000350954
6.29	0.000587562
6.3	0.000830048
6.31	0.001102443
6.32	0.001433028
6.33	0.00183965
6.34	0.002320087
6.35	0.002851732
6.36	0.003399214
6.37	0.003929634
6.38	0.004425626
6.39	0.004886096
6.4	0.005313489
6.41	0.005700683
6.42	0.006027871
6.43	0.00627159
6.44	0.006418892
6.45	0.006478444
6.46	0.00647994
6.47	0.006462456
6.48	0.006457341
6.49	0.006479452
6.5	0.006530914
6.51	0.006614347
6.52	0.006742453
6.53	0.006938365
6.54	0.007224139
6.55	0.007605895
6.56	0.008062544
6.57	0.008548847
6.58	0.009009941
6.59	0.009399641
6.6	0.00969083
6.61	0.009876572
6.62	0.009963177
6.63	0.00996495
6.64	0.009902257
6.65	0.009803996
6.66	0.009706411
6.67	0.009647981
6.68	0.009657382
6.69	0.009742689
6.7	0.009886731
6.71	0.010056211
6.72	0.010216882
6.73	0.010347763
6.74	0.010443601
6.75	0.010508132
6.76	0.010540292
6.77	0.010526654
6.78	0.010443239
6.79	0.010269279
6.8	0.010000686
6.81	0.009657439
6.82	0.009277722
6.83	0.008906927
6.84	0.008583188
6.85	0.008330594
6.86	0.00815849
6.87	0.008066746
6.88	0.008046492
6.89	0.008080114
6.9	0.008141112
6.91	0.008198581
6.92	0.008221632
6.93	0.008187867
6.94	0.008089354
6.95	0.007932117
6.96	0.007724725
6.97	0.007469564
6.98	0.007161704
6.99	0.006797289
7	0.006381444
7.01	0.005936166
7.02	0.005500869
7.03	0.005124877
7.04	0.004849473
7.05	0.004695643
7.06	0.004661085
7.07	0.004723709
7.08	0.00484219
7.09	0.004960657
7.1	0.005018204
7.11	0.004959064
7.12	0.004738814
7.13	0.004335842
7.14	0.003764219
7.15	0.003076337
7.16	0.002346293
7.17	0.001649717
7.18	0.00104871
7.19	0.00058387
7.2	0.000269053
7.21	9.89265E-05
7.22	6.3801E-05
7.23	0.00015702
7.24	0.000365683
7.25	0.000661872
7.26	0.001002421
7.27	0.001331614
7.28	0.001582726
7.29	0.001688984
7.3	0.001602363
7.31	0.001305534
7.32	0.000810034
7.33	0.000154108
7.34	-0.000596919
7.35	-0.001356138
7.36	-0.002032917
7.37	-0.002548996
7.38	-0.002847755
7.39	-0.002902583
7.4	-0.002727187
7.41	-0.002372066
7.42	-0.001905484
7.43	-0.001396655
7.44	-0.000910965
7.45	-0.000505268
7.46	-0.000218991
7.47	-7.18828E-05
7.48	-7.05229E-05
7.49	-0.000209161
7.5	-0.000463194
7.51	-0.000787424
7.52	-0.001125643
7.53	-0.001418668
7.54	-0.001607633
7.55	-0.001638713
7.56	-0.001474197
7.57	-0.001099158
7.58	-0.000521883
7.59	0.000224171
7.6	0.001074801
7.61	0.001939209
7.62	0.002717272
7.63	0.003318906
7.64	0.0036782
7.65	0.003767397
7.66	0.003607664
7.67	0.003268703
7.68	0.002852827
7.69	0.00247606
7.7	0.002248674
7.71	0.002257018
7.72	0.002544915
7.73	0.00310661
7.74	0.003892383
7.75	0.004823111
7.76	0.005805774
7.77	0.006751659
7.78	0.007591514
7.79	0.008282616
7.8	0.008804397
7.81	0.009152647
7.82	0.009333962
7.83	0.009364312
7.84	0.009267416
7.85	0.009077063
7.86	0.008837737
7.87	0.008606346
7.88	0.008447424
7.89	0.008426447
7.9	0.008597874
7.91	0.008995034
7.92	0.009618258
7.93	0.010428935
7.94	0.011349449
7.95	0.012274517
7.96	0.013088652
7.97	0.01368917
7.98	0.014005893
7.99	0.01401692
8	0.013751669
8.01	0.013283089
8.02	0.012707016
8.03	0.012123306
8.04	0.011617648
8.05	0.011249907
8.06	0.011046836
8.07	0.011008923
8.08	0.011121494
8.09	0.011366407
8.1	0.011726102
8.11	0.012185582
8.12	0.012725882
8.13	0.013314741
8.14	0.013897307
8.15	0.014399164
8.16	0.014738613
8.17	0.01484657
8.18	0.014684833
8.19	0.014262811
8.2	0.013640589
8.21	0.012916161
8.22	0.012198012
8.23	0.011582197
8.24	0.011135524
8.25	0.01088755
8.26	0.01082979
8.27	0.010927301
8.28	0.011131222
8.29	0.011388207
8.3	0.011644699
8.31	0.011853255
8.32	0.011975858
8.33	0.011986133
8.34	0.011870015
8.35	0.011628836
8.36	0.011278434
8.37	0.010845717
8.38	0.010363674
8.39	0.009871939
8.4	0.009416387
8.41	0.009045641
8.42	0.008803876
8.43	0.008726685
8.44	0.008834892
8.45	0.009126871
8.46	0.009572301
8.47	0.010114374
8.48	0.010675422
8.49	0.011164487
8.5	0.01148839
8.51	0.011569476
8.52	0.011362957
8.53	0.01086848
8.54	0.01013345
8.55	0.009251002
8.56	0.008345032
8.57	0.007544077
8.58	0.006950719
8.59	0.006623548
8.6	0.006571306
8.61	0.006758281
8.62	0.007118858
8.63	0.007580917
8.64	0.008083908
8.65	0.008583707
8.66	0.009045787
8.67	0.009437511
8.68	0.009719926
8.69	0.009843076
8.7	0.009750719
8.71	0.009398634
8.72	0.008775142
8.73	0.007913733
8.74	0.006892904
8.75	0.005831051
8.76	0.004868404
8.77	0.004137093
8.78	0.003727632
8.79	0.003670831
8.8	0.003931606
8.81	0.004414563
8.82	0.004982953
8.83	0.005491575
8.84	0.005817347
8.85	0.005879599
8.86	0.005648515
8.87	0.005145449
8.88	0.004428746
8.89	0.003572661
8.9	0.002648154
8.91	0.0017154
8.92	0.000820055
8.93	-5.929E-06
8.94	-0.000738401
8.95	-0.0013504
8.96	-0.001812557
8.97	-0.002100762
8.98	-0.002204879
8.99	-0.002134742
9	-0.00193138
9.01	-0.001670501
9.02	-0.001450602
9.03	-0.001371544
9.04	-0.001519492
9.05	-0.001950899
9.06	-0.002674455
9.07	-0.003641594
9.08	-0.004758615
9.09	-0.005905858
9.1	-0.006956103
9.11	-0.00779477
9.12	-0.008348447
9.13	-0.008601274
9.14	-0.008589865
9.15	-0.008389299
9.16	-0.008103099
9.17	-0.007844282
9.18	-0.007705311
9.19	-0.007739291
9.2	-0.00796505
9.21	-0.008373416
9.22	-0.00892594
9.23	-0.009563498
9.24	-0.010232622
9.25	-0.010900075
9.26	-0.011546481
9.27	-0.012158997
9.28	-0.012733206
9.29	-0.013262694
9.3	-0.013716971
9.31	-0.014037839
9.32	-0.01416559
9.33	-0.014063899
9.34	-0.013729159
9.35	-0.01320232
9.36	-0.012582127
9.37	-0.012009849
9.38	-0.011621621
9.39	-0.011512433
9.4	-0.011727783
9.41	-0.012258181
9.42	-0.013029957
9.43	-0.013922151
9.44	-0.014808841
9.45	-0.015586977
9.46	-0.01617635
9.47	-0.01652367
9.48	-0.016615943
9.49	-0.016473934
9.5	-0.016123172
9.51	-0.01558386
9.52	-0.014886076
9.53	-0.014076349
9.54	-0.013204333
9.55	-0.012324621
9.56	-0.011511515
9.57	-0.010852295
9.58	-0.010413496
9.59	-0.010225141
9.6	-0.010287805
9.61	-0.010572962
9.62	-0.011009908
9.63	-0.011494116
9.64	-0.011914413
9.65	-0.012167994
9.66	-0.012157608
9.67	-0.011805405
9.68	-0.011081754
9.69	-0.010016515
9.7	-0.00868396
9.71	-0.00719498
9.72	-0.005693269
9.73	-0.004331385
9.74	-0.003226796
9.75	-0.002441246
9.76	-0.001984151
9.77	-0.001818084
9.78	-0.001860984
9.79	-0.002007651
9.8	-0.002158832
9.81	-0.00223514
9.82	-0.002172544
9.83	-0.001922632
9.84	-0.001456617
9.85	-0.000763862
9.86	0.00015338
9.87	0.001274179
9.88	0.002549535
9.89	0.003903036
9.9	0.005243299
9.91	0.006473874
9.92	0.007504569
9.93	0.008268092
9.94	0.008736751
9.95	0.008928744
9.96	0.008906774
9.97	0.008769441
9.98	0.008632423
9.99	0.008605426
10	0.008775698
10.01	0.009194936
10.02	0.00986854
10.03	0.010757432
10.04	0.011796486
10.05	0.012911195
10.06	0.014023122
10.07	0.015055952
10.08	0.01594678
10.09	0.016648094
10.1	0.017118106
10.11	0.017322176
10.12	0.017249306
10.13	0.016922929
10.14	0.016392594
10.15	0.015732502
10.16	0.015045788
10.17	0.014452568
10.18	0.014054231
10.19	0.013915578
10.2	0.014068907
10.21	0.014511948
10.22	0.015190271
10.23	0.016003825
10.24	0.016836898
10.25	0.0175772
10.26	0.018113897
10.27	0.018351576
10.28	0.01823747
10.29	0.017767574
10.3	0.016965432
10.31	0.015878992
10.32	0.01459391
10.33	0.013230227
10.34	0.011911687
10.35	0.010753886
10.36	0.009864373
10.37	0.009325374
10.38	0.009155892
10.39	0.009305925
10.4	0.009679113
10.41	0.010152111
10.42	0.010580229
10.43	0.010825069
10.44	0.010790381
10.45	0.010433751
10.46	0.009748413
10.47	0.008756629
10.48	0.007512113
10.49	0.006089232
10.5	0.00455749
10.51	0.002980969
10.52	0.001433563
10.53	1.329E-06
10.54	-0.001238533
10.55	-0.002227696
10.56	-0.00293308
10.57	-0.003362336
10.58	-0.003583775
10.59	-0.003718148
10.6	-0.003910873
10.61	-0.004300112
10.62	-0.004990557
10.63	-0.006026559
10.64	-0.007383551
10.65	-0.008980585
10.66	-0.010708918
10.67	-0.012456745
10.68	-0.014132238
10.69	-0.015676979
10.7	-0.017066486
10.71	-0.018297547
10.72	-0.019381104
10.73	-0.020336751
10.74	-0.021186059
10.75	-0.021952671
10.76	-0.022676844
10.77	-0.023419041
10.78	-0.024240824
10.79	-0.025188786
10.8	-0.026298483
10.81	-0.027588145
10.82	-0.029039084
10.83	-0.030599739
10.84	-0.0322219
10.85	-0.033875273
10.86	-0.035525242
10.87	-0.037122687
10.88	-0.038623047
10.89	-0.039985616
10.9	-0.041149088
10.91	-0.042045708
10.92	-0.042658217
10.93	-0.043042917
10.94	-0.04329308
10.95	-0.043519738
10.96	-0.043857979
10.97	-0.044434538
10.98	-0.045290497
10.99	-0.046365936
11	-0.047556422
11.01	-0.048750337
11.02	-0.049818675
11.03	-0.050650191
11.04	-0.051221672
11.05	-0.051602066
11.06	-0.051872825
11.07	-0.052089671
11.08	-0.052301155
11.09	-0.052534356
11.1	-0.052740327
11.11	-0.052819377
11.12	-0.052713732
11.13	-0.052443605
11.14	-0.052055591
11.15	-0.051611968
11.16	-0.051217106
11.17	-0.050982792
11.18	-0.050929506
11.19	-0.050975838
11.2	-0.051010151
11.21	-0.0509283
11.22	-0.050608159
11.23	-0.049949316
11.24	-0.048951051
11.25	-0.047714519
11.26	-0.046355247
11.27	-0.044974209
11.28	-0.043680895
11.29	-0.04256989
11.3	-0.041646372
11.31	-0.040837666
11.32	-0.04006934
11.33	-0.039291615
11.34	-0.038441353
11.35	-0.037461202
11.36	-0.036354227
11.37	-0.035171254
11.38	-0.033934212
11.39	-0.032627102
11.4	-0.031240005
11.41	-0.029773702
11.42	-0.028200259
11.43	-0.026488511
11.44	-0.02466091
11.45	-0.022794377
11.46	-0.020964033
11.47	-0.019237776
11.48	-0.017697256
11.49	-0.016417166
11.5	-0.015408584
11.51	-0.014620797
11.52	-0.013977516
11.53	-0.013385117
11.54	-0.012721013
11.55	-0.011871398
11.56	-0.010786005
11.57	-0.009485053
11.58	-0.008027117
11.59	-0.006499117
11.6	-0.005009956
11.61	-0.003652443
11.62	-0.002459963
11.63	-0.001411117
11.64	-0.000460124
11.65	0.000447227
11.66	0.001361961
11.67	0.002300258
11.68	0.003223959
11.69	0.004058475
11.7	0.004728087
11.71	0.005176446
11.72	0.005385346
11.73	0.005393636
11.74	0.005293406
11.75	0.005196032
11.76	0.00519782
11.77	0.005360449
11.78	0.005694385
11.79	0.006150129
11.8	0.00663643
11.81	0.00706
11.82	0.0073546
11.83	0.007498163
11.84	0.007524604
11.85	0.007524237
11.86	0.007610214
11.87	0.007876555
11.88	0.008373438
11.89	0.0091002
11.9	0.009998102
11.91	0.010959961
11.92	0.011866243
11.93	0.012618947
11.94	0.01314648
11.95	0.013402307
11.96	0.013377582
11.97	0.013103309
11.98	0.012624723
11.99	0.011983967
12	0.011228945
12.01	0.010421406
12.02	0.009620904
12.03	0.00888202
12.04	0.008271699
12.05	0.007878215
12.06	0.007785111
12.07	0.008050499
12.08	0.008704365
12.09	0.009743984
12.1	0.01110779
12.11	0.012668664
12.12	0.014261756
12.13	0.01571435
12.14	0.016854761
12.15	0.017535099
12.16	0.01767865
12.17	0.017302886
12.18	0.016492318
12.19	0.015369285
12.2	0.014083223
12.21	0.012787266
12.22	0.011592795
12.23	0.010558122
12.24	0.009720264
12.25	0.009123143
12.26	0.008810188
12.27	0.008818753
12.28	0.009181444
12.29	0.00991071
12.3	0.0109573
12.31	0.012197763
12.32	0.01346782
12.33	0.014605939
12.34	0.015474647
12.35	0.015988735
12.36	0.016148564
12.37	0.016036398
12.38	0.015761154
12.39	0.015412269
12.4	0.015048899
12.41	0.014692782
12.42	0.014316258
12.43	0.013861824
12.44	0.013292158
12.45	0.012617977
12.46	0.011884708
12.47	0.011155936
12.48	0.010507887
12.49	0.010013315
12.5	0.009711316
12.51	0.009605061
12.52	0.009689659
12.53	0.009974574
12.54	0.010473043
12.55	0.011194429
12.56	0.012144433
12.57	0.013314195
12.58	0.014652681
12.59	0.016068438
12.6	0.017465319
12.61	0.01876719
12.62	0.019909969
12.63	0.020836925
12.64	0.021509957
12.65	0.021904014
12.66	0.021985009
12.67	0.021719193
12.68	0.021117456
12.69	0.020260734
12.7	0.019279036
12.71	0.018333013
12.72	0.01759862
12.73	0.017234519
12.74	0.017323699
12.75	0.017859401
12.76	0.018771459
12.77	0.019961302
12.78	0.021311591
12.79	0.022717974
12.8	0.024124699
12.81	0.025527365
12.82	0.026919967
12.83	0.028261296
12.84	0.029476447
12.85	0.030462705
12.86	0.031083768
12.87	0.031215905
12.88	0.030827096
12.89	0.030013192
12.9	0.02895245
12.91	0.027862546
12.92	0.026967933
12.93	0.026450565
12.94	0.026381173
12.95	0.026726876
12.96	0.02741397
12.97	0.028380046
12.98	0.029564722
12.99	0.030923749
13	0.032449479
13.01	0.03415674
13.02	0.036011192
13.03	0.037919045
13.04	0.039772832
13.05	0.04148288
13.06	0.042950438
13.07	0.044096164
13.08	0.04492367
13.09	0.045523805
13.1	0.045987517
13.11	0.046370268
13.12	0.04671521
13.13	0.047048329
13.14	0.047325061
13.15	0.047467216
13.16	0.04746017
13.17	0.047387467
13.18	0.047351924
13.19	0.047445235
13.2	0.047762344
13.21	0.048375639
13.22	0.049245011
13.23	0.050247496
13.24	0.051293977
13.25	0.052387545
13.26	0.053552887
13.27	0.054823713
13.28	0.056272484
13.29	0.057962045
13.3	0.059808046
13.31	0.061576432
13.32	0.063009291
13.33	0.063901234
13.34	0.064072484
13.35	0.063428027
13.36	0.062063251
13.37	0.06023877
13.38	0.05820435
13.39	0.056130757
13.4	0.05415037
13.41	0.052350689
13.42	0.05069133
13.43	0.049071251
13.44	0.047478858
13.45	0.046029271
13.46	0.044837156
13.47	0.043974943
13.48	0.043499109
13.49	0.043402472
13.5	0.043495401
13.51	0.043456719
13.52	0.043011079
13.53	0.042015397
13.54	0.040408463
13.55	0.038232381
13.56	0.035693512
13.57	0.033085701
13.58	0.030605057
13.59	0.028309703
13.6	0.026212262
13.61	0.024306188
13.62	0.022515767
13.63	0.020763885
13.64	0.019092464
13.65	0.017641599
13.66	0.016502374
13.67	0.01567626
13.68	0.015129793
13.69	0.014784643
13.7	0.014459183
13.71	0.013950028
13.72	0.01319101
13.73	0.012277685
13.74	0.011351638
13.75	0.010556812
13.76	0.010064209
13.77	0.010000325
13.78	0.010325413
13.79	0.01086302
13.8	0.011447151
13.81	0.011963024
13.82	0.012287664
13.83	0.012312111
13.84	0.012023666
13.85	0.01146429
13.86	0.010612507
13.87	0.009392496
13.88	0.007790694
13.89	0.005877634
13.9	0.003741231
13.91	0.001519727
13.92	-0.000514347
13.93	-0.002011301
13.94	-0.002719654
13.95	-0.002544943
13.96	-0.001497698
13.97	0.000297277
13.98	0.00255316
13.99	0.00491758
14	0.007153616
14.01	0.009181108
14.02	0.010981613
14.03	0.012570463
14.04	0.014029331
14.05	0.01543386
14.06	0.016726206
14.07	0.017744352
14.08	0.018373954
14.09	0.018604986
14.1	0.018478788
14.11	0.018119715
14.12	0.017800829
14.13	0.017868651
14.14	0.018551694
14.15	0.019905723
14.16	0.021875698
14.17	0.024310714
14.18	0.026924415
14.19	0.029394935
14.2	0.031526736
14.21	0.033287871
14.22	0.034706346
14.23	0.035847758
14.24	0.036844101
14.25	0.037838455
14.26	0.03885671
14.27	0.039826092
14.28	0.040684953
14.29	0.04141574
14.3	0.041976454
14.31	0.042331936
14.32	0.042525613
14.33	0.042654461
14.34	0.042747479
14.35	0.042764941
14.36	0.042668844
14.37	0.042435872
14.38	0.041993793
14.39	0.04127007
14.4	0.040277194
14.41	0.039119569
14.42	0.037899811
14.43	0.036718238
14.44	0.035705504
14.45	0.03500064
14.46	0.0346585
14.47	0.03466761
14.48	0.03500345
14.49	0.03563044
14.5	0.03643188
14.51	0.03723204
14.52	0.03784608
14.53	0.03809181
14.54	0.03776372
14.55	0.03669823
14.56	0.03484945
14.57	0.03230528
14.58	0.02923219
14.59	0.02586437
14.6	0.02247321
14.61	0.01930264
14.62	0.01648746
14.63	0.01406223
14.64	0.01199456
14.65	0.0102218
14.66	0.00867678
14.67	0.00735191
14.68	0.00630849
14.69	0.00563744
14.7	0.00538795
14.71	0.00553262
14.72	0.00593025
14.73	0.00632991
14.74	0.00643397
14.75	0.00600917
14.76	0.00495308
14.77	0.00331842
14.78	0.00130017
14.79	-0.00081091
14.8	-0.00274098
14.81	-0.00433648
14.82	-0.00559871
14.83	-0.00666015
14.84	-0.0077539
14.85	-0.009143
14.86	-0.01100648
14.87	-0.01335061
14.88	-0.01602254
14.89	-0.01876136
14.9	-0.02124805
14.91	-0.02317812
14.92	-0.02437328
14.93	-0.02483529
14.94	-0.0247036
14.95	-0.02418338
14.96	-0.02350079
14.97	-0.02284935
14.98	-0.02232045
14.99	-0.02188634
15	-0.02145865
15.01	-0.0209673
15.02	-0.02039873
15.03	-0.01981767
15.04	-0.01936473
15.05	-0.01922127
15.06	-0.01952349
15.07	-0.02028648
15.08	-0.02137316
15.09	-0.02252499
15.1	-0.02341786
15.11	-0.02373023
15.12	-0.02320615
15.13	-0.02172323
15.14	-0.01933392
15.15	-0.01625063
15.16	-0.01277425
15.17	-0.0092394
15.18	-0.00597702
15.19	-0.00324053
15.2	-0.00110232
15.21	0.00054151
15.22	0.00186646
15.23	0.00305979
15.24	0.00434016
15.25	0.00589505
15.26	0.00774863
15.27	0.00975747
15.28	0.01175652
15.29	0.01361371
15.3	0.01517607
15.31	0.01633922
15.32	0.01722602
15.33	0.01815539
15.34	0.01937916
15.35	0.02097372
15.36	0.0229472
15.37	0.02522158
15.38	0.02745804
15.39	0.02916059
15.4	0.03004348
15.41	0.03014524
15.42	0.0295957
15.43	0.02860068
15.44	0.02764976
15.45	0.02738604
15.46	0.0280937
15.47	0.02957041
15.48	0.0314628
15.49	0.03338077
15.5	0.03468085
15.51	0.03467151
15.52	0.03318127
15.53	0.03061324
15.54	0.02739267
15.55	0.02382159
15.56	0.02040346
15.57	0.01772867
15.58	0.01585683
15.59	0.01432668
15.6	0.01280666
15.61	0.01127002
15.62	0.00954078
15.63	0.00738822
15.64	0.00511586
15.65	0.003444
15.66	0.0026596
15.67	0.00248866
15.68	0.00274297
15.69	0.00340784
15.7	0.00404064
15.71	0.0038829
15.72	0.00264784
15.73	0.0005805
15.74	-0.00224937
15.75	-0.00590726
15.76	-0.00987884
15.77	-0.013175
15.78	-0.01526633
15.79	-0.01620902
15.8	-0.01594807
15.81	-0.01427086
15.82	-0.0114573
15.83	-0.00814627
15.84	-0.00453933
15.85	-0.00042536
15.86	0.00404676
15.87	0.0083926
15.88	0.01253407
15.89	0.01678988
15.9	0.02113504
15.91	0.02518789
15.92	0.02886434
15.93	0.03238226
15.94	0.03566928
15.95	0.03847874
15.96	0.04104108
15.97	0.04400462
15.98	0.04774383
15.99	0.05228405
16	0.05774347
16.01	0.06426578
16.02	0.07152827
16.03	0.07884909
16.04	0.08574531
16.05	0.09203162
16.06	0.09749902
16.07	0.10198741
16.08	0.10570538
16.09	0.10913396
16.1	0.11260193
16.11	0.11624267
16.12	0.12020612
16.13	0.12464006
16.14	0.12946673
16.15	0.1344469
16.16	0.13939119
16.17	0.14423107
16.18	0.14893229
16.19	0.15351542
16.2	0.15803637
16.21	0.16249207
16.22	0.16670579
16.23	0.17035747
16.24	0.17305218
16.25	0.17449495
16.26	0.17466644
16.27	0.17387903
16.28	0.17258344
16.29	0.17125399
16.3	0.17036591
16.31	0.17031916
16.32	0.17121857
16.33	0.17290861
16.34	0.17517191
16.35	0.17774494
16.36	0.1801027
16.37	0.18158889
16.38	0.18181591
16.39	0.18079598
16.4	0.17866259
16.41	0.17559884
16.42	0.17195066
16.43	0.16807581
16.44	0.16397182
16.45	0.1593961
16.46	0.15433431
16.47	0.14909591
16.48	0.14394887
16.49	0.13905256
16.5	0.13469782
16.51	0.13124418
16.52	0.12874527
16.53	0.1269579
16.54	0.12566908
16.55	0.12466576
16.56	0.12341066
16.57	0.12115115
16.58	0.11741853
16.59	0.11217355
16.6	0.10555004
16.61	0.09780245
16.62	0.08946998
16.63	0.08122111
16.64	0.07346467
16.65	0.066305
16.66	0.05981295
16.67	0.05406856
16.68	0.04898427
16.69	0.04432763
16.7	0.03994152
16.71	0.03576495
16.72	0.0316973
16.73	0.02759283
16.74	0.02338891
16.75	0.0191033
16.76	0.01475469
16.77	0.01032449
16.78	0.00577796
16.79	0.00106966
16.8	-0.00380521
16.81	-0.00880438
16.82	-0.01388444
16.83	-0.01900259
16.84	-0.02402247
16.85	-0.02877361
16.86	-0.03323024
16.87	-0.03748283
16.88	-0.04148909
16.89	-0.04509617
16.9	-0.04832599
16.91	-0.0514095
16.92	-0.05450564
16.93	-0.05770455
16.94	-0.0612617
16.95	-0.06544598
16.96	-0.07006718
16.97	-0.07455273
16.98	-0.07849935
16.99	-0.08179655
17	-0.08423724
17.01	-0.08555486
17.02	-0.08582824
17.03	-0.08539303
17.04	-0.08431913
17.05	-0.08251675
17.06	-0.08027839
17.07	-0.07820909
17.08	-0.07658703
17.09	-0.07535837
17.1	-0.07465253
17.11	-0.07478949
17.12	-0.07576852
17.13	-0.0773479
17.14	-0.07950955
17.15	-0.08233574
17.16	-0.08542789
17.17	-0.08805594
17.18	-0.08979365
17.19	-0.09059191
17.2	-0.0902943
17.21	-0.08869614
17.22	-0.08594971
17.23	-0.08249813
17.24	-0.07859636
17.25	-0.0743984
17.26	-0.07031146
17.27	-0.06689002
17.28	-0.06434125
17.29	-0.06257979
17.3	-0.06157392
17.31	-0.06137099
17.32	-0.06179177
17.33	-0.06253139
17.34	-0.06341734
17.35	-0.06438776
17.36	-0.06522655
17.37	-0.06567049
17.38	-0.06563906
17.39	-0.06524975
17.4	-0.06460868
17.41	-0.06384702
17.42	-0.06320083
17.43	-0.06296348
17.44	-0.06329012
17.45	-0.06420806
17.46	-0.0656763
17.47	-0.06763409
17.48	-0.06996587
17.49	-0.07255993
17.5	-0.07530781
17.51	-0.07810995
17.52	-0.08083844
17.53	-0.08337763
17.54	-0.08562237
17.55	-0.08752876
17.56	-0.08911213
17.57	-0.09043457
17.58	-0.09153048
17.59	-0.09246261
17.6	-0.09339104
17.61	-0.09458102
17.62	-0.09626663
17.63	-0.09859832
17.64	-0.10161157
17.65	-0.10518263
17.66	-0.10896618
17.67	-0.11253989
17.68	-0.1155866
17.69	-0.11793478
17.7	-0.11942876
17.71	-0.11994018
17.72	-0.11944057
17.73	-0.11799926
17.74	-0.11568057
17.75	-0.11261131
17.76	-0.10908815
17.77	-0.10553295
17.78	-0.10228535
17.79	-0.09958435
17.8	-0.09765223
17.81	-0.0966573
17.82	-0.09653309
17.83	-0.096995
17.84	-0.09767854
17.85	-0.09817759
17.86	-0.09798722
17.87	-0.09666784
17.88	-0.09409892
17.89	-0.09049858
17.9	-0.08619296
17.91	-0.0815084
17.92	-0.07679817
17.93	-0.07237105
17.94	-0.06834777
17.95	-0.06474939
17.96	-0.06171749
17.97	-0.05949371
17.98	-0.05819231
17.99	-0.05776812
18	-0.05816212
18.01	-0.05927321
18.02	-0.06079365
18.03	-0.06224522
18.04	-0.06318547
18.05	-0.06326047
18.06	-0.06218115
18.07	-0.05986319
18.08	-0.05660596
18.09	-0.05299745
18.1	-0.0496769
18.11	-0.04717903
18.12	-0.04584935
18.13	-0.04573707
18.14	-0.04665826
18.15	-0.04837109
18.16	-0.05065782
18.17	-0.05330218
18.18	-0.05620304
18.19	-0.05936984
18.2	-0.06266877
18.21	-0.06571382
18.22	-0.06824533
18.23	-0.07032656
18.24	-0.07208085
18.25	-0.07360867
18.26	-0.07542866
18.27	-0.07847194
18.28	-0.08343024
18.29	-0.09053398
18.3	-0.10012648
18.31	-0.11271933
18.32	-0.12830446
18.33	-0.14631327
18.34	-0.16649389
18.35	-0.18910221
18.36	-0.21409481
18.37	-0.24099205
18.38	-0.26960567
18.39	-0.30001404
18.4	-0.33159536
18.41	-0.36310857
18.42	-0.39376779
18.43	-0.42356572
18.44	-0.45244585
18.45	-0.48035491
18.46	-0.50789052
18.47	-0.53615868
18.48	-0.56559702
18.49	-0.59597645
18.5	-0.62704047
18.51	-0.65867653
18.52	-0.69020395
18.53	-0.7207199
18.54	-0.74962383
18.55	-0.77676828
18.56	-0.80182883
18.57	-0.82455292
18.58	-0.84477
18.59	-0.8623885
18.6	-0.87702711
18.61	-0.88845489
18.62	-0.89644146
18.63	-0.90099379
18.64	-0.9024455
18.65	-0.90179215
18.66	-0.8997198
18.67	-0.89642645
18.68	-0.89187529
18.69	-0.88618469
18.7	-0.87853732
18.71	-0.86753399
18.72	-0.85236826
18.73	-0.8333681
18.74	-0.81029804
18.75	-0.78248014
18.76	-0.75022606
18.77	-0.71515818
18.78	-0.67793209
18.79	-0.63835519
18.8	-0.59733216
18.81	-0.55706145
18.82	-0.51820036
18.83	-0.47998511
18.84	-0.44274001
18.85	-0.40805465
18.86	-0.37554072
18.87	-0.34299235
18.88	-0.30946011
18.89	-0.27555108
18.9	-0.24012682
18.91	-0.20078628
18.92	-0.15746237
18.93	-0.11236601
18.94	-0.0658098
18.95	-0.01618065
18.96	0.03624907
18.97	0.08921765
18.98	0.14238695
18.99	0.19689312
19	0.25114167
19.01	0.30124931
19.02	0.34591673
19.03	0.3866442
19.04	0.4235029
19.05	0.45533369
19.06	0.48403702
19.07	0.51404123
19.08	0.54722259
19.09	0.58271702
19.1	0.62120362
19.11	0.66469366
19.12	0.71193907
19.13	0.75910155
19.14	0.80480315
19.15	0.85048182
19.16	0.89603838
19.17	0.94012639
19.18	0.98378626
19.19	1.02950237
19.2	1.07640818
19.21	1.12103428
19.22	1.16172649
19.23	1.19900946
19.24	1.2319838
19.25	1.2593268
19.26	1.28269234
19.27	1.30575022
19.28	1.32960943
19.29	1.35324133
19.3	1.37672047
19.31	1.40108246
19.32	1.42484952
19.33	1.44496191
19.34	1.46005248
19.35	1.47085084
19.36	1.47712669
19.37	1.47865383
19.38	1.47730826
19.39	1.4762329
19.4	1.47686016
19.41	1.47919981
19.42	1.48331487
19.43	1.48930907
19.44	1.49534279
19.45	1.49918255
19.46	1.50005458
19.47	1.49811667
19.48	1.49259473
19.49	1.48227436
19.5	1.46591812
19.51	1.44281602
19.52	1.41239805
19.53	1.37487914
19.54	1.33112097
19.55	1.28226589
19.56	1.22928317
19.57	1.17345073
19.58	1.1158615
19.59	1.05799362
19.6	1.00222405
19.61	0.95178846
19.62	0.90909499
19.63	0.87518943
19.64	0.84999244
19.65	0.83234992
19.66	0.81896077
19.67	0.80517688
19.68	0.78660885
19.69	0.75970829
19.7	0.72058574
19.71	0.6661447
19.72	0.59694192
19.73	0.51711345
19.74	0.43090058
19.75	0.34170516
19.76	0.25349454
19.77	0.17065018
19.78	0.09538979
19.79	0.02786014
19.8	-0.03083614
19.81	-0.07855129
19.82	-0.11555401
19.83	-0.14510683
19.84	-0.17031207
19.85	-0.19356657
19.86	-0.21890469
19.87	-0.25169734
19.88	-0.29515404
19.89	-0.3498417
19.9	-0.41551036
19.91	-0.49057693
19.92	-0.56956979
19.93	-0.64435385
19.94	-0.70802777
19.95	-0.75606756
19.96	-0.78472002
19.97	-0.79214897
19.98	-0.78102092
19.99	-0.75784525
20	-0.72928387
20.01	-0.70179173
20.02	-0.68289971
20.03	-0.68032124
20.04	-0.69833688
20.05	-0.73783369
20.06	-0.79799516
20.07	-0.87595311
20.08	-0.96453087
20.09	-1.05346473
20.1	-1.13246887
20.11	-1.19233541
20.12	-1.2237526
20.13	-1.21904886
20.14	-1.17574691
20.15	-1.0969885
20.16	-0.98897038
20.17	-0.86093259
20.18	-0.72586391
20.19	-0.59934698
20.2	-0.49562133
20.21	-0.42597069
20.22	-0.39898665
20.23	-0.41937727
20.24	-0.48491707
20.25	-0.58717475
20.26	-0.7143054
20.27	-0.85235785
20.28	-0.98484493
20.29	-1.09435175
20.3	-1.16634191
20.31	-1.19096233
20.32	-1.16310804
20.33	-1.08397489
20.34	-0.96246199
20.35	-0.8132516
20.36	-0.65254908
20.37	-0.49580161
20.38	-0.35733221
20.39	-0.24946304
20.4	-0.17993283
20.41	-0.15143009
20.42	-0.16279761
20.43	-0.20933872
20.44	-0.28177814
20.45	-0.36739807
20.46	-0.45357689
20.47	-0.529558
20.48	-0.58596185
20.49	-0.61507587
20.5	-0.61326522
20.51	-0.58190523
20.52	-0.52593752
20.53	-0.45289391
20.54	-0.37343021
20.55	-0.29977094
20.56	-0.24221379
20.57	-0.20699033
20.58	-0.19608625
20.59	-0.20727767
20.6	-0.23383815
20.61	-0.26549373
20.62	-0.29120826
20.63	-0.30112337
20.64	-0.28760834
20.65	-0.24628912
20.66	-0.17718774
20.67	-0.08478035
20.68	0.02222921
20.69	0.1316678
20.7	0.22985223
20.71	0.30306023
20.72	0.33889772
20.73	0.32898253
20.74	0.27052063
20.75	0.16588349
20.76	0.02238343
20.77	-0.14766551
20.78	-0.32822834
20.79	-0.50078999
20.8	-0.64614696
20.81	-0.74597679
20.82	-0.78508663
20.83	-0.75357389
20.84	-0.64926632
20.85	-0.47920043
20.86	-0.25848944
20.87	-0.0081154
20.88	0.24648362
20.89	0.47746754
20.9	0.65832189
20.91	0.76722953
20.92	0.79017542
20.93	0.72242669
20.94	0.56910795
20.95	0.34478622
20.96	0.071423
20.97	-0.22463323
20.98	-0.51567241
20.99	-0.77526578
21	-0.98084818
21.01	-1.11447545
21.02	-1.16447905
21.03	-1.12732341
21.04	-1.0086667
21.05	-0.82235624
21.06	-0.58788048
21.07	-0.32844715
21.08	-0.069659
21.09	0.16219323
21.1	0.34411153
21.11	0.45904996
21.12	0.49780773
21.13	0.45936814
21.14	0.35132019
21.15	0.18892799
21.16	-0.00737201
21.17	-0.2154769
21.18	-0.41463447
21.19	-0.58750707
21.2	-0.72161405
21.21	-0.81023916
21.22	-0.85302966
21.23	-0.85491713
21.24	-0.82433834
21.25	-0.77178843
21.26	-0.70785921
21.27	-0.64124451
21.28	-0.57778439
21.29	-0.52031937
21.3	-0.46860684
21.31	-0.42072481
21.32	-0.37410463
21.33	-0.32611478
21.34	-0.27372642
21.35	-0.21468283
21.36	-0.14891115
21.37	-0.07844854
21.38	-0.00686521
21.39	0.05910271
21.4	0.10975369
21.41	0.13434786
21.42	0.12330847
21.43	0.07036552
21.44	-0.02631285
21.45	-0.16373253
21.46	-0.33297086
21.47	-0.51865982
21.48	-0.70089147
21.49	-0.85766545
21.5	-0.96778303
21.51	-1.01369373
21.52	-0.98424308
21.53	-0.87632758
21.54	-0.69528154
21.55	-0.45457054
21.56	-0.17392094
21.57	0.12288192
21.58	0.41060572
21.59	0.6648035
21.6	0.86354576
21.61	0.98907331
21.62	1.03042954
21.63	0.98492625
21.64	0.85820633
21.65	0.6635961
21.66	0.42133527
21.67	0.15702099
21.68	-0.10181505
21.69	-0.32851623
21.7	-0.4999484
21.71	-0.59812888
21.72	-0.61249463
21.73	-0.54107155
21.74	-0.3911976
21.75	-0.17866482
21.76	0.07467405
21.77	0.34454871
21.78	0.60741895
21.79	0.84236678
21.8	1.03208804
21.81	1.16412711
21.82	1.23265672
21.83	1.23793579
21.84	1.18455714
21.85	1.08134446
21.86	0.94093922
21.87	0.77818015
21.88	0.6081552
21.89	0.44495918
21.9	0.30028009
21.91	0.18319889
21.92	0.09967361
21.93	0.05236214
21.94	0.04079686
21.95	0.06237105
21.96	0.11219746
21.97	0.18340398
21.98	0.26881154
21.99	0.36192922
22	0.45639142
22.01	0.54677931
22.02	0.62964494
22.03	0.70259081
22.04	0.76371319
22.05	0.81139935
22.06	0.84353292
22.07	0.85760396
22.08	0.85076862
22.09	0.82010221
22.1	0.76357149
22.11	0.68094722
22.12	0.57462575
22.13	0.45024341
22.14	0.31532085
22.15	0.17783241
22.16	0.04592382
22.17	-0.07160785
22.18	-0.16603494
22.19	-0.2301704
22.2	-0.25912739
22.21	-0.24961395
22.22	-0.20045661
22.23	-0.11406145
22.24	0.00386892
22.25	0.14522987
22.26	0.29959156
22.27	0.4543042
22.28	0.59605349
22.29	0.71179228
22.3	0.78959264
22.31	0.82049461
22.32	0.8006077
22.33	0.73151346
22.34	0.61916621
22.35	0.47322525
22.36	0.30668226
22.37	0.1343428
22.38	-0.02995073
22.39	-0.17437688
22.4	-0.28873341
22.41	-0.3652076
22.42	-0.40008623
22.43	-0.39330997
22.44	-0.34790903
22.45	-0.27013636
22.46	-0.16880913
22.47	-0.05411669
22.48	0.06297255
22.49	0.17120553
22.5	0.26010275
22.51	0.32132807
22.52	0.35038229
22.53	0.3468983
22.54	0.31359065
22.55	0.25510987
22.56	0.17795901
22.57	0.08971433
22.58	-0.00249195
22.59	-0.09203982
22.6	-0.171852
22.61	-0.23540036
22.62	-0.27921918
22.63	-0.30317572
22.64	-0.30888189
22.65	-0.29881705
22.66	-0.27669378
22.67	-0.2464718
22.68	-0.21113795
22.69	-0.17301321
22.7	-0.13514319
22.71	-0.10095247
22.72	-0.07251549
22.73	-0.04999402
22.74	-0.03327408
22.75	-0.02268979
22.76	-0.01759157
22.77	-0.01616676
22.78	-0.01735996
22.79	-0.02145196
22.8	-0.02811268
22.81	-0.03627581
22.82	-0.04572579
22.83	-0.05691549
22.84	-0.06934144
22.85	-0.08124041
22.86	-0.0906854
22.87	-0.09594293
22.88	-0.0943917
22.89	-0.08324895
22.9	-0.06215185
22.91	-0.03268247
22.92	0.00407268
22.93	0.04713996
22.94	0.09333429
22.95	0.13797941
22.96	0.17741613
22.97	0.20935827
22.98	0.23149543
22.99	0.24148789
23	0.23831044
23.01	0.22270771
23.02	0.19633936
23.03	0.16097424
23.04	0.11904394
23.05	0.0741597
23.06	0.03032164
23.07	-0.00895721
23.08	-0.04052763
23.09	-0.06179359
23.1	-0.07106962
23.11	-0.06795791
23.12	-0.0533005
23.13	-0.02938376
23.14	0.00019944
23.15	0.03125437
23.16	0.06005283
23.17	0.08352431
23.18	0.09942035
23.19	0.10639914
23.2	0.10417116
23.21	0.09334692
23.22	0.07512209
23.23	0.05102945
23.24	0.02342654
23.25	-0.00470529
23.26	-0.03078303
23.27	-0.05341536
23.28	-0.07182522
23.29	-0.08529665
23.3	-0.09336216
23.31	-0.09637575
23.32	-0.09582838
23.33	-0.09402883
23.34	-0.09283247
23.35	-0.09338543
23.36	-0.09671216
23.37	-0.10421802
23.38	-0.11661063
23.39	-0.13323792
23.4	-0.15214268
23.41	-0.17083386
23.42	-0.18657886
23.43	-0.19678396
23.44	-0.19956068
23.45	-0.1940681
23.46	-0.18007819
23.47	-0.15846578
23.48	-0.13129087
23.49	-0.10125597
23.5	-0.0708329
23.51	-0.04197784
23.52	-0.0164515
23.53	0.00420926
23.54	0.01876033
23.55	0.02625226
23.56	0.02601565
23.57	0.01763234
23.58	0.00127298
23.59	-0.02194727
23.6	-0.05088565
23.61	-0.0841897
23.62	-0.11915764
23.63	-0.15182688
23.64	-0.17818917
23.65	-0.19562204
23.66	-0.20275337
23.67	-0.19865092
23.68	-0.18308865
23.69	-0.15661137
23.7	-0.12000578
23.71	-0.0740772
23.72	-0.01975591
23.73	0.04120341
23.74	0.10604777
23.75	0.17199424
23.76	0.2362765
23.77	0.29618827
23.78	0.34870661
23.79	0.39045342
23.8	0.41808487
23.81	0.42946148
23.82	0.42407622
23.83	0.4033399
23.84	0.36941488
23.85	0.32494124
23.86	0.27330566
23.87	0.21880667
23.88	0.16567601
23.89	0.11792798
23.9	0.07958908
23.91	0.05473638
23.92	0.04651492
23.93	0.05675327
23.94	0.08570424
23.95	0.13197281
23.96	0.19275971
23.97	0.26466493
23.98	0.34376807
23.99	0.42576513
24	0.50597401
24.01	0.57973308
24.02	0.64236251
24.03	0.6898818
24.04	0.71922546
24.05	0.72844463
24.06	0.71692317
24.07	0.68627532
24.08	0.63951743
24.09	0.5805878
24.1	0.51429804
24.11	0.44638254
24.12	0.38248083
24.13	0.3274411
24.14	0.28459043
24.15	0.25593588
24.16	0.2424891
24.17	0.24445669
24.18	0.26060324
24.19	0.28855636
24.2	0.32562206
24.21	0.3687151
24.22	0.41357812
24.23	0.45535726
24.24	0.48949998
24.25	0.51290856
24.26	0.52380963
24.27	0.52118321
24.28	0.50470642
24.29	0.47534404
24.3	0.43572629
24.31	0.38914428
24.32	0.33831238
24.33	0.28586095
24.34	0.23434736
24.35	0.1861743
24.36	0.14400614
24.37	0.11002652
24.38	0.08520512
24.39	0.06966597
24.4	0.06294772
24.41	0.0636203
24.42	0.06903988
24.43	0.07572713
24.44	0.08066019
24.45	0.08172204
24.46	0.07709331
24.47	0.06513709
24.48	0.04471428
24.49	0.01522222
24.5	-0.0236413
24.51	-0.0718118
24.52	-0.1280407
24.53	-0.18984849
24.54	-0.2540411
24.55	-0.31725554
24.56	-0.3760309
24.57	-0.42728813
24.58	-0.46832457
24.59	-0.49691939
24.6	-0.51134865
24.61	-0.51130405
24.62	-0.49803157
24.63	-0.47401653
24.64	-0.44204798
24.65	-0.40507926
24.66	-0.36593424
24.67	-0.32748777
24.68	-0.29251786
24.69	-0.26404249
24.7	-0.24513546
24.71	-0.23828962
24.72	-0.24452508
24.73	-0.26343342
24.74	-0.29357859
24.75	-0.33283014
24.76	-0.37835093
24.77	-0.42710301
24.78	-0.47621195
24.79	-0.52290121
24.8	-0.56412576
24.81	-0.59695164
24.82	-0.61897479
24.83	-0.62868713
24.84	-0.62502348
24.85	-0.60763186
24.86	-0.57709222
24.87	-0.53492574
24.88	-0.48317885
24.89	-0.42482343
24.9	-0.36338173
24.91	-0.30239524
24.92	-0.24479038
24.93	-0.19306807
24.94	-0.14974755
24.95	-0.11714564
24.96	-0.09662953
24.97	-0.08906695
24.98	-0.09492428
24.99	-0.11345617
25	-0.14272623
25.01	-0.18007752
25.02	-0.22212288
25.03	-0.26475953
25.04	-0.30374152
25.05	-0.33546851
25.06	-0.35730877
25.07	-0.36769427
25.08	-0.36588378
25.09	-0.35156925
25.1	-0.32499965
25.11	-0.28740655
25.12	-0.24075565
25.13	-0.18766053
25.14	-0.13126562
25.15	-0.07523257
25.16	-0.02320157
25.17	0.02178846
25.18	0.05758264
25.19	0.08274956
25.2	0.09645336
25.21	0.09869574
25.22	0.09058084
25.23	0.07413756
25.24	0.05173907
25.25	0.02561899
25.26	-0.0022307
25.27	-0.02971453
25.28	-0.0546763
25.29	-0.07534831
25.3	-0.09065592
25.31	-0.10018354
25.32	-0.10396156
25.33	-0.10228482
25.34	-0.09575805
25.35	-0.08552766
25.36	-0.07325979
25.37	-0.06055659
25.38	-0.04829097
25.39	-0.03699615
25.4	-0.02705641
25.41	-0.01848027
25.42	-0.01063494
25.43	-0.00294482
25.44	0.00419067
25.45	0.00958033
25.46	0.01276219
25.47	0.0145713
25.48	0.01570644
25.49	0.01584134
25.5	0.01470222
25.51	0.01247377
25.52	0.00876096
25.53	0.00232304
25.54	-0.00748927
25.55	-0.02030934
25.56	-0.03585537
25.57	-0.0538464
25.58	-0.07301864
25.59	-0.09165125
25.6	-0.10840332
25.61	-0.12240889
25.62	-0.13287603
25.63	-0.13934572
25.64	-0.14225325
25.65	-0.14232937
25.66	-0.13929033
25.67	-0.13246978
25.68	-0.12215275
25.69	-0.10960447
25.7	-0.09585513
25.71	-0.08186501
25.72	-0.06947954
25.73	-0.06075342
25.74	-0.0562182
25.75	-0.05513876
25.76	-0.05698136
25.77	-0.06141502
25.78	-0.06744174
25.79	-0.07392468
25.8	-0.0806519
25.81	-0.08822191
25.82	-0.09645748
25.83	-0.10430109
25.84	-0.11120012
25.85	-0.1177324
25.86	-0.12454661
25.87	-0.13170343
25.88	-0.13908487
25.89	-0.14669718
25.9	-0.15422346
25.91	-0.16130167
25.92	-0.16822894
25.93	-0.17561239
25.94	-0.18314927
25.95	-0.18969574
25.96	-0.19425973
25.97	-0.19636722
25.98	-0.19555565
25.99	-0.19154395
26	-0.18486866
26.01	-0.17672394
26.02	-0.16777317
26.03	-0.15807129
26.04	-0.14813926
26.05	-0.13934651
26.06	-0.13288774
26.07	-0.12930768
26.08	-0.12887758
26.09	-0.13191413
26.1	-0.13824152
26.11	-0.14698321
26.12	-0.15708779
26.13	-0.16782639
26.14	-0.17847073
26.15	-0.18824223
26.16	-0.19662796
26.17	-0.20340623
26.18	-0.20827308
26.19	-0.2110855
26.2	-0.21231481
26.21	-0.21278975
26.22	-0.2129023
26.23	-0.21255442
26.24	-0.21165525
26.25	-0.21016404
26.26	-0.20791038
26.27	-0.20503858
26.28	-0.20199199
26.29	-0.19877979
26.3	-0.19458817
26.31	-0.18841743
26.32	-0.17969619
26.33	-0.16836496
26.34	-0.15461118
26.35	-0.13890917
26.36	-0.12227352
26.37	-0.10623037
26.38	-0.0922687
26.39	-0.08152302
26.4	-0.0748622
26.41	-0.07298203
26.42	-0.07627003
26.43	-0.0846705
26.44	-0.09783856
26.45	-0.11511682
26.46	-0.13510288
26.47	-0.15577314
26.48	-0.17530792
26.49	-0.19231507
26.5	-0.20543545
26.51	-0.21331419
26.52	-0.21489869
26.53	-0.20966411
26.54	-0.19767902
26.55	-0.17967434
26.56	-0.15684485
26.57	-0.13055272
26.58	-0.10254738
26.59	-0.07496764
26.6	-0.04965145
26.61	-0.02771318
26.62	-0.00996049
26.63	0.00289001
26.64	0.01053386
26.65	0.01327633
26.66	0.01159916
26.67	0.00601935
26.68	-0.00269934
26.69	-0.01341007
26.7	-0.02500003
26.71	-0.03653074
26.72	-0.0470206
26.73	-0.05530783
26.74	-0.0605927
26.75	-0.06253354
26.76	-0.06073385
26.77	-0.0545426
26.78	-0.04396107
26.79	-0.02984981
26.8	-0.01300052
26.81	0.00638511
26.82	0.02782894
26.83	0.05038872
26.84	0.07348393
26.85	0.09711656
26.86	0.12076656
26.87	0.14335995
26.88	0.16419384
26.89	0.1831588
26.9	0.1996477
26.91	0.21261065
26.92	0.22162335
26.93	0.22737241
26.94	0.23048198
26.95	0.23129131
26.96	0.23067691
26.97	0.230167
26.98	0.23047125
26.99	0.23142623
27	0.2332673
27.01	0.23689034
27.02	0.24231029
27.03	0.24870574
27.04	0.25577757
27.05	0.26385774
27.06	0.27222115
27.07	0.27918367
27.08	0.28382209
27.09	0.28643592
27.1	0.28691728
27.11	0.28467277
27.12	0.28004775
27.13	0.27456263
27.14	0.26922039
27.15	0.26420708
27.16	0.26013101
27.17	0.25818412
27.18	0.25854921
27.19	0.2603674
27.2	0.2631092
27.21	0.26692596
27.22	0.27117013
27.23	0.27423628
27.24	0.27514669
27.25	0.27390343
27.26	0.27000476
27.27	0.26259616
27.28	0.25169526
27.29	0.23815087
27.3	0.22249726
27.31	0.20500634
27.32	0.18668723
27.33	0.16903968
27.34	0.1526744
27.35	0.13735405
27.36	0.12322548
27.37	0.11090606
27.38	0.10048275
27.39	0.09161141
27.4	0.08452125
27.41	0.07979101
27.42	0.07729537
27.43	0.0762569
27.44	0.0763064
27.45	0.07750628
27.46	0.07955599
27.47	0.08181722
27.48	0.08405607
27.49	0.08640288
27.5	0.08875192
27.51	0.0906014
27.52	0.09153072
27.53	0.09119397
27.54	0.08892893
27.55	0.0838091
27.56	0.07529256
27.57	0.06337464
27.58	0.0483769
27.59	0.0308556
27.6	0.01184323
27.61	-0.00721121
27.62	-0.0247234
27.63	-0.03937929
27.64	-0.05026135
27.65	-0.0568722
27.66	-0.0589743
27.67	-0.05666503
27.68	-0.05033288
27.69	-0.04067814
27.7	-0.02862712
27.71	-0.01537946
27.72	-0.00234424
27.73	0.00884503
27.74	0.01668864
27.75	0.02011495
27.76	0.01853478
27.77	0.01179254
27.78	0.00053301
27.79	-0.0137912
27.8	-0.0295078
27.81	-0.04523317
27.82	-0.0597296
27.83	-0.07186331
27.84	-0.08085732
27.85	-0.0864763
27.86	-0.08871667
27.87	-0.08766706
27.88	-0.083727
27.89	-0.07780308
27.9	-0.07103517
27.91	-0.06465093
27.92	-0.06005063
27.93	-0.0586293
27.94	-0.06109097
27.95	-0.06725564
27.96	-0.07649813
27.97	-0.08786385
27.98	-0.09978355
27.99	-0.11041176
28	-0.11833067
28.01	-0.12259645
28.02	-0.12244096
28.03	-0.11742306
28.04	-0.10779763
28.05	-0.09441251
28.06	-0.07814049
28.07	-0.05991105
28.08	-0.04114098
28.09	-0.02344075
28.1	-0.00806555
28.11	0.00416404
28.12	0.01267003
28.13	0.01718079
28.14	0.01792546
28.15	0.01571639
28.16	0.01158247
28.17	0.00669326
28.18	0.00238178
28.19	-0.00020538
28.2	-0.00059968
28.21	0.00121249
28.22	0.00507462
28.23	0.01072194
28.24	0.01754573
28.25	0.02479877
28.26	0.03197179
28.27	0.03887811
28.28	0.04531986
28.29	0.05123867
28.3	0.05683242
28.31	0.06246386
28.32	0.06847628
28.33	0.07536594
28.34	0.08366776
28.35	0.09380431
28.36	0.10592892
28.37	0.11992819
28.38	0.13516929
28.39	0.15048779
28.4	0.16443001
28.41	0.1755828
28.42	0.18248447
28.43	0.18396798
28.44	0.17953908
28.45	0.16945944
28.46	0.15427377
28.47	0.13487446
28.48	0.11269968
28.49	0.08968897
28.5	0.06772465
28.51	0.04844136
28.52	0.03336477
28.53	0.02398104
28.54	0.02116491
28.55	0.02499152
28.56	0.03507011
28.57	0.0507063
28.58	0.07042116
28.59	0.09205424
28.6	0.11338246
28.61	0.13255139
28.62	0.14785851
28.63	0.15789695
28.64	0.16212725
28.65	0.16106829
28.66	0.15567666
28.67	0.14699163
28.68	0.13615431
28.69	0.12446422
28.7	0.11303314
28.71	0.10272282
28.72	0.09444165
28.73	0.08919627
28.74	0.08737379
28.75	0.08852765
28.76	0.09173776
28.77	0.0958353
28.78	0.09943118
28.79	0.10133178
28.8	0.10084362
28.81	0.09771961
28.82	0.09196047
28.83	0.08401706
28.84	0.07489482
28.85	0.06582359
28.86	0.05783439
28.87	0.05167993
28.88	0.04790114
28.89	0.04682768
28.9	0.04842133
28.91	0.05232073
28.92	0.0581383
28.93	0.06559605
28.94	0.0742363
28.95	0.08331386
28.96	0.0921002
28.97	0.09990372
28.98	0.10584449
28.99	0.10908723
29	0.10921454
29.01	0.10630802
29.02	0.10083836
29.03	0.09356126
29.04	0.0853839
29.05	0.07715978
29.06	0.06939253
29.07	0.06210139
29.08	0.05497606
29.09	0.04765712
29.1	0.03995355
29.11	0.03180782
29.12	0.02325507
29.13	0.0144063
29.14	0.00538981
29.15	-0.00370554
29.16	-0.01272423
29.17	-0.02142478
29.18	-0.02941588
29.19	-0.03615182
29.2	-0.04103419
29.21	-0.04360066
29.22	-0.04351124
29.23	-0.0405785
29.24	-0.03490498
29.25	-0.0270851
29.26	-0.01803818
29.27	-0.00883335
29.28	-0.00064055
29.29	0.00530264
29.3	0.00807303
29.31	0.0071379
29.32	0.00219874
29.33	-0.00690208
29.34	-0.01991552
29.35	-0.03625082
29.36	-0.05518017
29.37	-0.07583257
29.38	-0.09684707
29.39	-0.1165605
29.4	-0.13348492
29.41	-0.14653631
29.42	-0.15475391
29.43	-0.15754789
29.44	-0.15512612
29.45	-0.14845467
29.46	-0.1385869
29.47	-0.1265771
29.48	-0.11371689
29.49	-0.10146542
29.5	-0.09083224
29.51	-0.08241474
29.52	-0.07681105
29.53	-0.07473374
29.54	-0.07642259
29.55	-0.08157401
29.56	-0.08969367
29.57	-0.100278
29.58	-0.11235685
29.59	-0.12463095
29.6	-0.13596845
29.61	-0.14566043
29.62	-0.15297215
29.63	-0.1573097
29.64	-0.15869979
29.65	-0.15780073
29.66	-0.15514537
29.67	-0.15110492
29.68	-0.14633608
29.69	-0.14185116
29.7	-0.13827506
29.71	-0.13580882
29.72	-0.13470267
29.73	-0.13530043
29.74	-0.13742143
29.75	-0.14045559
29.76	-0.14389438
29.77	-0.14746959
29.78	-0.15053376
29.79	-0.15221042
29.8	-0.15206976
29.81	-0.15027746
29.82	-0.14691781
29.83	-0.14196342
29.84	-0.13571669
29.85	-0.12887236
29.86	-0.12185457
29.87	-0.11481445
29.88	-0.10806263
29.89	-0.10207406
29.9	-0.09694211
29.91	-0.09243908
29.92	-0.08851122
29.93	-0.08535391
29.94	-0.0828193
29.95	-0.08048222
29.96	-0.07818198
29.97	-0.07599254
29.98	-0.07373612
29.99	-0.07115642
30	-0.06843209
30.01	-0.06611734
30.02	-0.06458201
30.03	-0.06398898
30.04	-0.06465045
30.05	-0.06684461
30.06	-0.07023792
30.07	-0.0739363
30.08	-0.07699216
30.09	-0.07851198
30.1	-0.07753998
30.11	-0.07327485
30.12	-0.06536833
30.13	-0.05390428
30.14	-0.03925369
30.15	-0.02211329
30.16	-0.00357296
30.17	0.01503154
30.18	0.03233456
30.19	0.04697363
30.2	0.05759899
30.21	0.06314181
30.22	0.06299866
30.23	0.0570437
30.24	0.04561983
30.25	0.02967432
30.26	0.01065402
30.27	-0.0096802
30.28	-0.02942921
30.29	-0.04667601
30.3	-0.05984608
30.31	-0.06792655
30.32	-0.07042206
30.33	-0.0672107
30.34	-0.0586678
30.35	-0.04564186
30.36	-0.02920602
30.37	-0.01047905
30.38	0.00922582
30.39	0.02839265
30.4	0.0456172
30.41	0.05992607
30.42	0.07068259
30.43	0.0775143
30.44	0.08050759
30.45	0.08031385
30.46	0.07777256
30.47	0.07365087
30.48	0.06861587
30.49	0.06327367
30.5	0.05800933
30.51	0.05292381
30.52	0.04795267
30.53	0.0430439
30.54	0.03804061
30.55	0.03269575
30.56	0.02691947
30.57	0.02093337
30.58	0.01502024
30.59	0.00947087
30.6	0.00471742
30.61	0.00129729
30.62	-0.00042393
30.63	-0.00022142
30.64	0.00220295
30.65	0.00719317
30.66	0.01474761
30.67	0.02437191
30.68	0.03533736
30.69	0.04679689
30.7	0.05768195
30.71	0.0667737
30.72	0.07301125
30.73	0.07565708
30.74	0.07423429
30.75	0.06854459
30.76	0.0588432
30.77	0.04584808
30.78	0.0305158
30.79	0.01386868
30.8	-0.00299085
30.81	-0.01880485
30.82	-0.0323734
30.83	-0.04280476
30.84	-0.0494515
30.85	-0.05186495
30.86	-0.04998807
30.87	-0.04440116
30.88	-0.03614867
30.89	-0.02645472
30.9	-0.01664599
30.91	-0.00805136
30.92	-0.00158463
30.93	0.00239257
30.94	0.00388874
30.95	0.00308027
30.96	0.00035562
30.97	-0.00373939
30.98	-0.00867461
30.99	-0.0141004
31	-0.01976598
31.01	-0.02543217
31.02	-0.03084072
31.03	-0.03581145
31.04	-0.04019881
31.05	-0.04392862
31.06	-0.04706366
31.07	-0.04987543
31.08	-0.05270403
31.09	-0.0558591
31.1	-0.05950003
31.11	-0.06363589
31.12	-0.06805361
31.13	-0.07230543
31.14	-0.07574581
31.15	-0.07774204
31.16	-0.0777181
31.17	-0.07521277
31.18	-0.07003808
31.19	-0.06254259
31.2	-0.05347045
31.21	-0.04369311
31.22	-0.03406881
31.23	-0.02556541
31.24	-0.01918609
31.25	-0.01580593
31.26	-0.01602067
31.27	-0.02014962
31.28	-0.02812997
31.29	-0.03943469
31.3	-0.05302952
31.31	-0.06755763
31.32	-0.081518
31.33	-0.09342021
31.34	-0.10193699
31.35	-0.10619404
31.36	-0.10587573
31.37	-0.10120681
31.38	-0.09282206
31.39	-0.08170666
31.4	-0.06899304
31.41	-0.0558152
31.42	-0.04332121
31.43	-0.03272985
31.44	-0.0251521
31.45	-0.0214132
31.46	-0.02194087
31.47	-0.02674002
31.48	-0.03535291
31.49	-0.04688192
31.5	-0.06004504
31.51	-0.07335811
31.52	-0.08535108
31.53	-0.09474131
31.54	-0.10056848
31.55	-0.10239063
31.56	-0.10030604
31.57	-0.09482579
31.58	-0.08672494
31.59	-0.07695343
31.6	-0.06647283
31.61	-0.05611775
31.62	-0.04651159
31.63	-0.03804061
31.64	-0.03088028
31.65	-0.02505564
31.66	-0.02051641
31.67	-0.01718577
31.68	-0.01490018
31.69	-0.01334652
31.7	-0.01220585
31.71	-0.01132446
31.72	-0.01073237
31.73	-0.01057613
31.74	-0.01114704
31.75	-0.01285382
31.76	-0.01603001
31.77	-0.02072585
31.78	-0.02671268
31.79	-0.03354536
31.8	-0.04057021
31.81	-0.04691125
31.82	-0.05164227
31.83	-0.05398643
31.84	-0.05338836
31.85	-0.04948768
31.86	-0.0421622
31.87	-0.03158014
31.88	-0.01819728
31.89	-0.00269123
31.9	0.01398063
31.91	0.03053521
31.92	0.04550908
31.93	0.05749139
31.94	0.06520578
31.95	0.06765771
31.96	0.06441386
31.97	0.05578544
31.98	0.04265057
31.99	0.02629746
32	0.00843447
32.01	-0.00894042
32.02	-0.02402313
32.03	-0.03547719
32.04	-0.04235269
32.05	-0.0440559
32.06	-0.04056026
32.07	-0.03241195
32.08	-0.02043738
32.09	-0.00557781
32.1	0.01094033
32.11	0.02759759
32.12	0.04293087
32.13	0.05576857
32.14	0.06512007
32.15	0.07022374
32.16	0.07086279
32.17	0.06745234
32.18	0.06073616
32.19	0.05162835
32.2	0.04130283
32.21	0.03108568
32.22	0.02202406
32.23	0.01465983
32.24	0.00926261
32.25	0.0059496
32.26	0.00449273
32.27	0.00438317
32.28	0.00523175
32.29	0.00686879
32.3	0.00907045
32.31	0.01146125
32.32	0.0137686
32.33	0.01601496
32.34	0.01838259
32.35	0.02108
32.36	0.0244199
32.37	0.02881298
32.38	0.0344933
32.39	0.04134529
32.4	0.04910099
32.41	0.05746495
32.42	0.06586694
32.43	0.07331416
32.44	0.07878783
32.45	0.0815628
32.46	0.0811092
32.47	0.07711144
32.48	0.06977317
32.49	0.05983663
32.5	0.04824352
32.51	0.03597946
32.52	0.02418395
32.53	0.01412099
32.54	0.006814
32.55	0.00285321
32.56	0.0025459
32.57	0.00602505
32.58	0.013057
32.59	0.02290366
32.6	0.0345157
32.61	0.04677869
32.62	0.0585373
32.63	0.06865856
32.64	0.0762985
32.65	0.08104301
32.66	0.08275715
32.67	0.08153697
32.68	0.07787349
32.69	0.07264434
32.7	0.06678804
32.71	0.06112357
32.72	0.05643665
32.73	0.05351987
32.74	0.05291981
32.75	0.05475866
32.76	0.05878696
32.77	0.06444427
32.78	0.07079488
32.79	0.07664487
32.8	0.08079937
32.81	0.08225659
32.82	0.08027089
32.83	0.07453569
32.84	0.06537616
32.85	0.05376533
32.86	0.04103065
32.87	0.02859193
32.88	0.01782939
32.89	0.00990811
32.9	0.00550493
32.91	0.00477007
32.92	0.00747701
32.93	0.013105
32.94	0.02084072
32.95	0.02967982
32.96	0.03861913
32.97	0.04673136
32.98	0.05313441
32.99	0.05699454
33	0.05761086
33.01	0.0545647
33.02	0.04785147
33.03	0.03796226
33.04	0.0258745
33.05	0.01292642
33.06	0.00055149
33.07	-0.0099554
33.08	-0.01755298
33.09	-0.0215664
33.1	-0.02185836
33.11	-0.01889398
33.12	-0.01356366
33.13	-0.00694639
33.14	-0.00015341
33.15	0.00579346
33.16	0.01011786
33.17	0.01231033
33.18	0.01209539
33.19	0.00945753
33.2	0.00473114
33.21	-0.0014293
33.22	-0.00822014
33.23	-0.01483223
33.24	-0.02048535
33.25	-0.02450502
33.26	-0.02645984
33.27	-0.02627497
33.28	-0.0241953
33.29	-0.02073374
33.3	-0.01661506
33.31	-0.01268749
33.32	-0.00971325
33.33	-0.00823997
33.34	-0.00856294
33.35	-0.01074406
33.36	-0.01454721
33.37	-0.01946277
33.38	-0.02484217
33.39	-0.02999835
33.4	-0.03415997
33.41	-0.03650667
33.42	-0.03637321
33.43	-0.03341377
33.44	-0.02760389
33.45	-0.01928233
33.46	-0.00922952
33.47	0.00138267
33.48	0.01126215
33.49	0.01925858
33.5	0.02449753
33.51	0.02645139
33.52	0.0250756
33.53	0.02082136
33.54	0.01446869
33.55	0.00695772
33.56	-0.00066689
33.57	-0.00735776
33.58	-0.01227023
33.59	-0.01485911
33.6	-0.01477511
33.61	-0.0117982
33.62	-0.00600041
33.63	0.00215024
33.64	0.01188688
33.65	0.02224789
33.66	0.03208867
33.67	0.04015994
33.68	0.04534091
33.69	0.04690952
33.7	0.04462918
33.71	0.03872947
33.72	0.0298832
33.73	0.01913262
33.74	0.00772548
33.75	-0.00308363
33.76	-0.0121886
33.77	-0.01867273
33.78	-0.02186748
33.79	-0.0214236
33.8	-0.01731179
33.81	-0.00979835
33.82	0.00051811
33.83	0.01270987
33.84	0.02565537
33.85	0.03824488
33.86	0.04944692
33.87	0.05832547
33.88	0.06412238
33.89	0.06644677
33.9	0.06528982
33.91	0.06090343
33.92	0.05371487
33.93	0.04437456
33.94	0.03366085
33.95	0.02231146
33.96	0.01093774
33.97	9.976E-05
33.98	-0.00966884
33.99	-0.01797149
34	-0.02461449
34.01	-0.02952294
34.02	-0.03268441
34.03	-0.03423479
34.04	-0.03444373
34.05	-0.0335851
34.06	-0.03184702
34.07	-0.02938637
34.08	-0.02632077
34.09	-0.02268383
34.1	-0.01849275
34.11	-0.0138707
34.12	-0.00906539
34.13	-0.00440982
34.14	-0.00031267
34.15	0.00272472
34.16	0.00419726
34.17	0.0037282
34.18	0.0011167
34.19	-0.00371885
34.2	-0.01073721
34.21	-0.0197152
34.22	-0.03022998
34.23	-0.04177122
34.24	-0.05377294
34.25	-0.06559575
34.26	-0.07653719
34.27	-0.08594281
34.28	-0.09320379
34.29	-0.09780184
34.3	-0.09943465
34.31	-0.09814291
34.32	-0.09422989
34.33	-0.08823149
34.34	-0.08092929
34.35	-0.07334145
34.36	-0.06647645
34.37	-0.06117687
34.38	-0.05811098
34.39	-0.05781229
34.4	-0.0604964
34.41	-0.06597838
34.42	-0.0737767
34.43	-0.08326263
34.44	-0.09358015
34.45	-0.10373828
34.46	-0.11288316
34.47	-0.12042767
34.48	-0.12581951
34.49	-0.12851319
34.5	-0.12817397
34.51	-0.12476213
34.52	-0.11831242
34.53	-0.10896306
34.54	-0.0972165
34.55	-0.08395123
34.56	-0.07005081
34.57	-0.05634726
34.58	-0.04384893
34.59	-0.03362996
34.6	-0.02633553
34.61	-0.02210272
34.62	-0.02090257
34.63	-0.02259268
34.64	-0.02660799
34.65	-0.03208231
34.66	-0.03836058
34.67	-0.04507127
34.68	-0.05169233
34.69	-0.05753736
34.7	-0.06219148
34.71	-0.06553975
34.72	-0.06731878
34.73	-0.06708709
34.74	-0.06464763
34.75	-0.06010229
34.76	-0.05348643
34.77	-0.04480724
34.78	-0.0344778
34.79	-0.02328665
34.8	-0.01183272
34.81	-0.00039586
34.82	0.01058909
34.83	0.02049059
34.84	0.02895993
34.85	0.03596747
34.86	0.04135254
34.87	0.04485171
34.88	0.04654134
34.89	0.04685374
34.9	0.04608556
34.91	0.04435945
34.92	0.04203154
34.93	0.03975849
34.94	0.03807852
34.95	0.03733652
34.96	0.03792879
34.97	0.04032893
34.98	0.04473235
34.99	0.05100618
35	0.05891435
35.01	0.0681821
35.02	0.07820956
35.03	0.08812541
35.04	0.0971592
35.05	0.10479957
35.06	0.11057334
35.07	0.11406834
35.08	0.1151753
35.09	0.11416901
35.1	0.11141776
35.11	0.10723642
35.12	0.10194442
35.13	0.0958948
35.14	0.08938445
35.15	0.08275021
35.16	0.07650607
35.17	0.07131067
35.18	0.06777371
35.19	0.06638223
35.2	0.06746172
35.21	0.07112399
35.22	0.07720211
35.23	0.08532149
35.24	0.09487057
35.25	0.10513189
35.26	0.11546656
35.27	0.1254298
35.28	0.13469912
35.29	0.1430439
35.3	0.15032795
35.31	0.1564141
35.32	0.1609399
35.33	0.16341049
35.34	0.16343418
35.35	0.16087032
35.36	0.15577545
35.37	0.14842753
35.38	0.13938836
35.39	0.1294205
35.4	0.11923267
35.41	0.10949891
35.42	0.10095891
35.43	0.09428154
35.44	0.08979652
35.45	0.08755804
35.46	0.08752607
35.47	0.08961214
35.48	0.0935749
35.49	0.09905759
35.5	0.10569212
35.51	0.1130679
35.52	0.1205487
35.53	0.12738029
35.54	0.13296655
35.55	0.13689555
35.56	0.13879625
35.57	0.1384552
35.58	0.13599678
35.59	0.13178263
35.6	0.12613523
35.61	0.11941737
35.62	0.11226493
35.63	0.10549297
35.64	0.09969903
35.65	0.09524436
35.66	0.09244611
35.67	0.09149667
35.68	0.09218832
35.69	0.09404221
35.7	0.09659835
35.71	0.09947643
35.72	0.10221845
35.73	0.10436393
35.74	0.1056296
35.75	0.10595715
35.76	0.10532285
35.77	0.10371139
35.78	0.1011871
35.79	0.09780021
35.8	0.09342815
35.81	0.08788675
35.82	0.08111872
35.83	0.07322272
35.84	0.0643681
35.85	0.05480083
35.86	0.04484605
35.87	0.0348096
35.88	0.02491584
35.89	0.01539239
35.9	0.00656009
35.91	-0.00119963
35.92	-0.00756383
35.93	-0.01227768
35.94	-0.01506357
35.95	-0.01564208
35.96	-0.01387821
35.97	-0.00985584
35.98	-0.00387764
35.99	0.00352482
36	0.0116047
36.01	0.019457
36.02	0.02609914
36.03	0.03058032
36.04	0.03214781
36.05	0.03035865
36.06	0.02507137
36.07	0.01640942
36.08	0.00477836
36.09	-0.0091576
36.1	-0.02457945
36.11	-0.04058872
36.12	-0.05621703
36.13	-0.07051398
36.14	-0.08267364
36.15	-0.09210025
36.16	-0.09839184
36.17	-0.10137235
36.18	-0.10113435
36.19	-0.09805947
36.2	-0.09273532
36.21	-0.08592038
36.22	-0.07849032
36.23	-0.07133435
36.24	-0.06514198
36.25	-0.06035382
36.26	-0.05723658
36.27	-0.05594351
36.28	-0.05640774
36.29	-0.05834767
36.3	-0.06138012
36.31	-0.06511679
36.32	-0.06913783
36.33	-0.07307781
36.34	-0.07673153
36.35	-0.080056
36.36	-0.08305209
36.37	-0.08572204
36.38	-0.08806042
36.39	-0.09004909
36.4	-0.09161544
36.41	-0.09264238
36.42	-0.09302406
36.43	-0.09271353
36.44	-0.09165066
36.45	-0.08973253
36.46	-0.08689911
36.47	-0.08323851
36.48	-0.07892061
36.49	-0.07416655
36.5	-0.06933474
36.51	-0.06495417
36.52	-0.06149684
36.53	-0.05924941
36.54	-0.05841629
36.55	-0.05921729
36.56	-0.06172871
36.57	-0.06582386
36.58	-0.07127867
36.59	-0.07779943
36.6	-0.08483662
36.61	-0.0916012
36.62	-0.09729796
36.63	-0.10126693
36.64	-0.10289945
36.65	-0.10170645
36.66	-0.09751206
36.67	-0.09056311
36.68	-0.08140903
36.69	-0.07082693
36.7	-0.05981572
36.71	-0.04947337
36.72	-0.04069634
36.73	-0.0341005
36.74	-0.03015306
36.75	-0.02916805
36.76	-0.03107783
36.77	-0.03540041
36.78	-0.0414953
36.79	-0.04872183
36.8	-0.05628132
36.81	-0.0632347
36.82	-0.06874678
36.83	-0.07220522
36.84	-0.07310709
36.85	-0.07111876
36.86	-0.06627107
36.87	-0.05901847
36.88	-0.05002761
36.89	-0.0401031
36.9	-0.03020354
36.91	-0.02131712
36.92	-0.01415469
36.93	-0.00907753
36.94	-0.00627345
36.95	-0.00584742
36.96	-0.00762029
36.97	-0.01109764
36.98	-0.01571618
36.99	-0.02098922
37	-0.026372
37.01	-0.03127135
37.02	-0.03522934
37.03	-0.03800017
37.04	-0.03942848
37.05	-0.03944576
37.06	-0.03817618
37.07	-0.03594798
37.08	-0.03309581
37.09	-0.02984934
37.1	-0.0263559
37.11	-0.02274701
37.12	-0.01906628
37.13	-0.01527493
37.14	-0.01131634
37.15	-0.00718415
37.16	-0.00287453
37.17	0.00159606
37.18	0.00614918
37.19	0.01058633
37.2	0.01463589
37.21	0.01799962
37.22	0.02036827
37.23	0.02138843
37.24	0.02069543
37.25	0.01800575
37.26	0.01320136
37.27	0.00638158
37.28	-0.00207644
37.29	-0.01150878
37.3	-0.02101949
37.31	-0.02963002
37.32	-0.03641853
37.33	-0.04062361
37.34	-0.04167738
37.35	-0.03932866
37.36	-0.03372495
37.37	-0.02539659
37.38	-0.01507776
37.39	-0.00364438
37.4	0.0079257
37.41	0.01862907
37.42	0.02760025
37.43	0.03415942
37.44	0.03782725
37.45	0.03836028
37.46	0.03583222
37.47	0.03062065
37.48	0.02335478
37.49	0.0148835
37.5	0.0062392
37.51	-0.00150107
37.52	-0.00740983
37.53	-0.01081393
37.54	-0.01131081
37.55	-0.00886153
37.56	-0.00388828
37.57	0.00284737
37.58	0.01049195
37.59	0.01814335
37.6	0.02485111
37.61	0.02978052
37.62	0.03239249
37.63	0.03245512
37.64	0.03001746
37.65	0.0254061
37.66	0.01920097
37.67	0.01206067
37.68	0.0046286
37.69	-0.00244668
37.7	-0.00856429
37.71	-0.01331265
37.72	-0.01647478
37.73	-0.01801245
37.74	-0.01805941
37.75	-0.01689151
37.76	-0.01487487
37.77	-0.01240993
37.78	-0.0098607
37.79	-0.00754021
37.8	-0.00571004
37.81	-0.00456656
37.82	-0.00420535
37.83	-0.00462773
37.84	-0.0057204
37.85	-0.00724386
37.86	-0.00888547
37.87	-0.0103656
37.88	-0.01147155
37.89	-0.01208355
37.9	-0.01225182
37.91	-0.01222227
37.92	-0.01226627
37.93	-0.01257736
37.94	-0.01334406
37.95	-0.01474889
37.96	-0.01678349
37.97	-0.01921127
37.98	-0.02176363
37.99	-0.02422966
38	-0.02629783
38.01	-0.02757266
38.02	-0.02784684
38.03	-0.02717548
38.04	-0.02563693
38.05	-0.02327748
38.06	-0.02029852
38.07	-0.01706253
38.08	-0.01384728
38.09	-0.01085198
38.1	-0.00841839
38.11	-0.00700833
38.12	-0.00689692
38.13	-0.00811723
38.14	-0.0106824
38.15	-0.01458482
38.16	-0.01949384
38.17	-0.02476576
38.18	-0.02980596
38.19	-0.03417194
38.2	-0.0373131
38.21	-0.03861256
38.22	-0.03778411
38.23	-0.03493704
38.24	-0.03025318
38.25	-0.02392899
38.26	-0.01641969
38.27	-0.00837567
38.28	-0.00029966
38.29	0.00745532
38.3	0.01438275
38.31	0.01987287
38.32	0.02359617
38.33	0.02552868
38.34	0.02556692
38.35	0.02348914
38.36	0.01936282
38.37	0.01363254
38.38	0.0067362
38.39	-0.00095325
38.4	-0.00879583
38.41	-0.0159209
38.42	-0.02169892
38.43	-0.02581007
38.44	-0.02794005
38.45	-0.02782684
38.46	-0.02562651
38.47	-0.02184884
38.48	-0.01695101
38.49	-0.01128721
38.5	-0.00541022
38.51	-1.83E-05
38.52	0.00443852
38.53	0.00780897
38.54	0.00991346
38.55	0.01052747
38.56	0.00968383
38.57	0.00765431
38.58	0.00462831
38.59	0.00072176
38.6	-0.00372973
38.61	-0.00815162
38.62	-0.01201562
38.63	-0.01493258
38.64	-0.01657126
38.65	-0.0167029
38.66	-0.01536848
38.67	-0.01284185
38.68	-0.00943864
38.69	-0.0054441
38.7	-0.00123522
38.71	0.00274512
38.72	0.00616291
38.73	0.00885266
38.74	0.0106683
38.75	0.01148075
38.76	0.01130345
38.77	0.01028805
38.78	0.00854113
38.79	0.00609256
38.8	0.00300487
38.81	-0.00054208
38.82	-0.00430584
38.83	-0.00806026
38.84	-0.01161411
38.85	-0.0147537
38.86	-0.01720845
38.87	-0.01871181
38.88	-0.01909003
38.89	-0.01824293
38.9	-0.01607797
38.91	-0.01255159
38.92	-0.00775974
38.93	-0.0019065
38.94	0.00478475
38.95	0.01206102
38.96	0.01953142
38.97	0.02671057
38.98	0.03313642
38.99	0.03839506
39	0.04204766
39.01	0.04373368
39.02	0.04332065
39.03	0.04090121
39.04	0.03665492
39.05	0.03089564
39.06	0.02416456
39.07	0.01714237
39.08	0.01044083
39.09	0.00460618
39.1	0.0002242
39.11	-0.00218619
39.12	-0.00241655
39.13	-0.0005388
39.14	0.00331132
39.15	0.00891265
39.16	0.01577281
39.17	0.02321492
39.18	0.03064635
39.19	0.03759096
39.2	0.04354048
39.21	0.04800419
39.22	0.05071696
39.23	0.05163373
39.24	0.05075444
39.25	0.0481724
39.26	0.04423486
39.27	0.03943737
39.28	0.03417462
39.29	0.02877618
39.3	0.02369062
39.31	0.01940898
39.32	0.01620873
39.33	0.01415588
39.34	0.01332328
39.35	0.01378684
39.36	0.01541146
39.37	0.01785365
39.38	0.02082876
39.39	0.02413787
39.4	0.02749344
39.41	0.03053245
39.42	0.03303625
39.43	0.03493087
39.44	0.03612399
39.45	0.03648889
39.46	0.0360106
39.47	0.03473097
39.48	0.03261109
39.49	0.02957443
39.5	0.0256814
39.51	0.02108869
39.52	0.01592538
39.53	0.0103361
39.54	0.0046199
39.55	-0.00086947
39.56	-0.00587602
39.57	-0.01025958
39.58	-0.01387226
39.59	-0.01656855
39.6	-0.01827115
39.61	-0.01898778
39.62	-0.01870855
39.63	-0.01743185
39.64	-0.01522674
39.65	-0.01229518
39.66	-0.00888829
39.67	-0.00528577
39.68	-0.00184102
39.69	0.00098681
39.7	0.00279414
39.71	0.00327327
39.72	0.00217489
39.73	-0.00067173
39.74	-0.00520821
39.75	-0.01115631
39.76	-0.01808756
39.77	-0.02548819
39.78	-0.0327672
39.79	-0.03934248
39.8	-0.04467097
39.81	-0.04831538
39.82	-0.04998872
39.83	-0.04960325
39.84	-0.04721308
39.85	-0.04303101
39.86	-0.03745947
39.87	-0.03112236
39.88	-0.0247178
39.89	-0.01892576
39.9	-0.01436545
39.91	-0.01157739
39.92	-0.01089308
39.93	-0.01240437
39.94	-0.01599863
39.95	-0.02139687
39.96	-0.02806517
39.97	-0.03522496
39.98	-0.04198145
39.99	-0.04750608
40	-0.05110213
40.01	-0.0522868
40.02	-0.05087058
40.03	-0.04700741
40.04	-0.04111405
40.05	-0.03379181
40.06	-0.02572535
40.07	-0.01762139
40.08	-0.01011135
40.09	-0.00368693
40.1	0.00132126
40.11	0.0047247
40.12	0.00653634
40.13	0.00696515
40.14	0.0063059
40.15	0.00486961
40.16	0.00303641
40.17	0.00125343
40.18	-8.572E-05
40.19	-0.0007254
40.2	-0.00053014
40.21	0.00052758
40.22	0.00228749
40.23	0.00438204
40.24	0.00636145
40.25	0.00786338
40.26	0.00863962
40.27	0.00854874
40.28	0.00762363
40.29	0.0061346
40.3	0.0045046
40.31	0.00318384
40.32	0.00260478
40.33	0.00317207
40.34	0.00514771
40.35	0.00855831
40.36	0.01320435
40.37	0.01873409
40.38	0.02468267
40.39	0.03049084
40.4	0.03552893
40.41	0.03919423
40.42	0.04097488
40.43	0.04051243
40.44	0.03764884
40.45	0.03250556
40.46	0.02545556
40.47	0.01704631
40.48	0.00792718
40.49	-0.00111485
40.5	-0.00925147
40.51	-0.01575165
40.52	-0.02009459
40.53	-0.02196583
40.54	-0.02127668
40.55	-0.01819056
40.56	-0.01313289
40.57	-0.00670426
40.58	0.00041178
40.59	0.00748699
40.6	0.0137527
40.61	0.0184974
40.62	0.02120801
40.63	0.02164731
40.64	0.01987267
40.65	0.01622023
40.66	0.01119167
40.67	0.00534476
40.68	-0.00075931
40.69	-0.00656586
40.7	-0.01162479
40.71	-0.01563962
40.72	-0.01848489
40.73	-0.02017533
40.74	-0.02083811
40.75	-0.02066462
40.76	-0.01991418
40.77	-0.01890479
40.78	-0.0179753
40.79	-0.01744463
40.8	-0.01758546
40.81	-0.0185797
40.82	-0.02048914
40.83	-0.02320765
40.84	-0.02640174
40.85	-0.02959458
40.86	-0.03233591
40.87	-0.03426114
40.88	-0.03504817
40.89	-0.03446173
40.9	-0.0324835
40.91	-0.02932555
40.92	-0.02528811
40.93	-0.02071411
40.94	-0.01606217
40.95	-0.01183866
40.96	-0.00838356
40.97	-0.00583536
40.98	-0.00426963
40.99	-0.00372069
41	-0.00405144
41.01	-0.00497548
41.02	-0.00625415
41.03	-0.00769618
41.04	-0.00896653
41.05	-0.00963844
41.06	-0.00949385
41.07	-0.00858263
41.08	-0.00700041
41.09	-0.00484304
41.1	-0.00240398
41.11	-0.00015727
41.12	0.0015279
41.13	0.00246858
41.14	0.00246884
41.15	0.00133673
41.16	-0.00084914
41.17	-0.00372798
41.18	-0.00692329
41.19	-0.01007976
41.2	-0.01265754
41.21	-0.01402134
41.22	-0.01379766
41.23	-0.01193895
41.24	-0.00847144
41.25	-0.00348546
41.26	0.00264562
41.27	0.00928867
41.28	0.0158337
41.29	0.02175581
41.3	0.02647744
41.31	0.02945099
41.32	0.03047107
41.33	0.02970325
41.34	0.02737427
41.35	0.0236949
41.36	0.01911291
41.37	0.01434325
41.38	0.0100257
41.39	0.00662727
41.4	0.00466222
41.41	0.00467679
41.42	0.00689402
41.43	0.01112525
41.44	0.01700202
41.45	0.02407186
41.46	0.03167003
41.47	0.03898117
41.48	0.04529719
41.49	0.05010968
41.5	0.05300587
41.51	0.05370461
41.52	0.05224758
41.53	0.04903105
41.54	0.04457091
41.55	0.03937439
41.56	0.03402036
41.57	0.02915439
41.58	0.02527021
41.59	0.02263218
41.6	0.02140321
41.61	0.02167787
41.62	0.02333413
41.63	0.02602777
41.64	0.02935144
41.65	0.0329336
41.66	0.03639766
41.67	0.03936795
41.68	0.04157457
41.69	0.04292194
41.7	0.04341034
41.71	0.04309593
41.72	0.04214724
41.73	0.04087371
41.74	0.03959688
41.75	0.03856059
41.76	0.0379509
41.77	0.03790982
41.78	0.03843465
41.79	0.03934848
41.8	0.04038067
41.81	0.04125316
41.82	0.04167575
41.83	0.04136549
41.84	0.04014516
41.85	0.03801464
41.86	0.03510966
41.87	0.03166987
41.88	0.02805819
41.89	0.02473769
41.9	0.02214108
41.91	0.02056544
41.92	0.02018392
41.93	0.02105968
41.94	0.02309884
41.95	0.02604546
41.96	0.02953757
41.97	0.03313873
41.98	0.03634806
41.99	0.03863388
42	0.0395386
42.01	0.03873911
42.02	0.03604688
42.03	0.03143594
42.04	0.02513144
42.05	0.01758642
42.06	0.00939384
42.07	0.00123469
42.08	-0.00609776
42.09	-0.01183714
42.1	-0.0154568
42.11	-0.01673711
42.12	-0.01564932
42.13	-0.01238732
42.14	-0.00743888
42.15	-0.00153778
42.16	0.00451765
42.17	0.00991541
42.18	0.01387866
42.19	0.01576488
42.2	0.01522412
42.21	0.01217654
42.22	0.00675208
42.23	-0.00068422
42.24	-0.0094436
42.25	-0.01865139
42.26	-0.02746876
42.27	-0.03518663
42.28	-0.04114118
42.29	-0.04479487
42.3	-0.04588397
42.31	-0.04444786
42.32	-0.04067518
42.33	-0.03493191
42.34	-0.02781049
42.35	-0.02007448
42.36	-0.01247053
42.37	-0.00571075
42.38	-0.00042823
42.39	0.00291794
42.4	0.00418515
42.41	0.00349409
42.42	0.00110815
42.43	-0.00262862
42.44	-0.00721526
42.45	-0.0120758
42.46	-0.01673748
42.47	-0.02090842
42.48	-0.02439816
42.49	-0.0271411
42.5	-0.02923161
42.51	-0.03085411
42.52	-0.03212366
42.53	-0.0331092
42.54	-0.0339006
42.55	-0.03461304
42.56	-0.03529295
42.57	-0.03594212
42.58	-0.03657102
42.59	-0.03720649
42.6	-0.03780779
42.61	-0.03828851
42.62	-0.03856795
42.63	-0.03857456
42.64	-0.03820353
42.65	-0.03739207
42.66	-0.0362034
42.67	-0.03484849
42.68	-0.03362062
42.69	-0.03283912
42.7	-0.03276042
42.71	-0.03355447
42.72	-0.0352867
42.73	-0.03788987
42.74	-0.04110518
42.75	-0.04453694
42.76	-0.04775476
42.77	-0.05036225
42.78	-0.05199593
42.79	-0.05238337
42.8	-0.05136917
42.81	-0.04890079
42.82	-0.04502864
42.83	-0.03995862
42.84	-0.03405382
42.85	-0.02777755
42.86	-0.02163815
42.87	-0.01618052
42.88	-0.01194069
42.89	-0.0093484
42.9	-0.00864872
42.91	-0.00992771
42.92	-0.01315798
42.93	-0.0181447
42.94	-0.0244503
42.95	-0.03148035
42.96	-0.0386215
42.97	-0.04527338
42.98	-0.05081941
42.99	-0.05470019
43	-0.05653642
43.01	-0.05616155
43.02	-0.05357742
43.03	-0.04899422
43.04	-0.04288404
43.05	-0.03589668
43.06	-0.02865898
43.07	-0.0217434
43.08	-0.0157213
43.09	-0.01105024
43.1	-0.00791677
43.11	-0.00628272
43.12	-0.00600743
43.13	-0.00687006
43.14	-0.0085439
43.15	-0.01064997
43.16	-0.0128288
43.17	-0.01472371
43.18	-0.01597546
43.19	-0.01626997
43.2	-0.01539976
43.21	-0.01329365
43.22	-0.01002535
43.23	-0.00581429
43.24	-0.00105319
43.25	0.00375078
43.26	0.00811639
43.27	0.01166981
43.28	0.01414596
43.29	0.01543554
43.3	0.01561469
43.31	0.01487184
43.32	0.01341922
43.33	0.01148471
43.34	0.00929386
43.35	0.00702819
43.36	0.00480775
43.37	0.00272293
43.38	0.00086443
43.39	-0.00068774
43.4	-0.00189712
43.41	-0.00275911
43.42	-0.00325503
43.43	-0.0033653
43.44	-0.00312386
43.45	-0.00261393
43.46	-0.00188045
43.47	-0.00090248
43.48	0.00038177
43.49	0.00205002
43.5	0.00416433
43.51	0.00672204
43.52	0.0096614
43.53	0.01290023
43.54	0.01631811
43.55	0.01974524
43.56	0.02300075
43.57	0.02590888
43.58	0.02826689
43.59	0.0298656
43.6	0.03055536
43.61	0.03029025
43.62	0.02911993
43.63	0.02720285
43.64	0.02482107
43.65	0.02234588
43.66	0.02013576
43.67	0.01850084
43.68	0.01773986
43.69	0.018101
43.7	0.01963926
43.71	0.02220633
43.72	0.02558566
43.73	0.02954499
43.74	0.03374741
43.75	0.03777848
43.76	0.04129085
43.77	0.04403697
43.78	0.04579509
43.79	0.04637062
43.8	0.04563135
43.81	0.04352957
43.82	0.04013075
43.83	0.03562866
43.84	0.03034865
43.85	0.02474326
43.86	0.01931187
43.87	0.01452326
43.88	0.01078992
43.89	0.00843376
43.9	0.00758561
43.91	0.00815545
43.92	0.0099187
43.93	0.01258274
43.94	0.0157524
43.95	0.0189674
43.96	0.02183482
43.97	0.02404718
43.98	0.02529802
43.99	0.02531839
44	0.02400267
44.01	0.0213936
44.02	0.01754551
44.03	0.01253247
44.04	0.00663638
44.05	0.00035489
44.06	-0.00582027
44.07	-0.01151367
44.08	-0.01635142
44.09	-0.01997123
44.1	-0.02219238
44.11	-0.02304241
44.12	-0.02260262
44.13	-0.02100397
44.14	-0.01853778
44.15	-0.01562406
44.16	-0.01260498
44.17	-0.00968964
44.18	-0.00707299
44.19	-0.00495236
44.2	-0.00337927
44.21	-0.0022896
44.22	-0.00168135
44.23	-0.00160762
44.24	-0.00197555
44.25	-0.00258545
44.26	-0.00335778
44.27	-0.00434693
44.28	-0.00552742
44.29	-0.00678756
44.3	-0.00810689
44.31	-0.00956877
44.32	-0.01117279
44.33	-0.01282763
44.34	-0.01450967
44.35	-0.01627511
44.36	-0.01806338
44.37	-0.01967166
44.38	-0.02093326
44.39	-0.02176416
44.4	-0.02201284
44.41	-0.0214591
44.42	-0.02000355
44.43	-0.01773132
44.44	-0.01471754
44.45	-0.0109978
44.46	-0.00681211
44.47	-0.00263246
44.48	0.00111657
44.49	0.00410776
44.5	0.00599413
44.51	0.00651523
44.52	0.00567698
44.53	0.0037249
44.54	0.00098946
44.55	-0.00213319
44.56	-0.00511308
44.57	-0.00736281
44.58	-0.00845247
44.59	-0.00816555
44.6	-0.00636865
44.61	-0.00296572
44.62	0.00196532
44.63	0.00815162
44.64	0.0152478
44.65	0.02287521
44.66	0.03052597
44.67	0.03758361
44.68	0.04348462
44.69	0.04780239
44.7	0.0502037
44.71	0.05049861
44.72	0.04876154
44.73	0.04534178
44.74	0.04070543
44.75	0.03535564
44.76	0.02984054
44.77	0.02471087
44.78	0.02037879
44.79	0.01708592
44.8	0.014966
44.81	0.014072
44.82	0.01430644
44.83	0.01547266
44.84	0.01737708
44.85	0.01984917
44.86	0.0226894
44.87	0.02568122
44.88	0.02863683
44.89	0.03144248
44.9	0.03406079
44.91	0.03651225
44.92	0.03884459
44.93	0.04112211
44.94	0.04339865
44.95	0.045685
44.96	0.04793621
44.97	0.05008944
44.98	0.05209176
44.99	0.05389761
45	0.05541657
45.01	0.05652913
45.02	0.05712963
45.03	0.05715318
45.04	0.05655713
45.05	0.05535048
45.06	0.05361922
45.07	0.05152953
45.08	0.04928285
45.09	0.04711385
45.1	0.04528445
45.11	0.04402058
45.12	0.04343625
45.13	0.0435332
45.14	0.04423269
45.15	0.04534577
45.16	0.04656307
45.17	0.04756818
45.18	0.0481881
45.19	0.04833745
45.2	0.04786389
45.21	0.04656622
45.22	0.04437651
45.23	0.04134221
45.24	0.03746743
45.25	0.03273704
45.26	0.0273179
45.27	0.02152721
45.28	0.01564227
45.29	0.00988542
45.3	0.00457324
45.31	6.761E-05
45.32	-0.00340023
45.33	-0.0058086
45.34	-0.00719525
45.35	-0.00763734
45.36	-0.00737661
45.37	-0.00680697
45.38	-0.0062104
45.39	-0.00574919
45.4	-0.00565478
45.41	-0.00625817
45.42	-0.00774531
45.43	-0.01015667
45.44	-0.01353951
45.45	-0.01794831
45.46	-0.02323451
45.47	-0.02909685
45.48	-0.03524407
45.49	-0.04142797
45.5	-0.04729951
45.51	-0.05249845
45.52	-0.05678969
45.53	-0.0600821
45.54	-0.06227421
45.55	-0.0633231
45.56	-0.063354
45.57	-0.06266415
45.58	-0.06151115
45.59	-0.06010665
45.6	-0.05868803
45.61	-0.05753135
45.62	-0.05678465
45.63	-0.05649721
45.64	-0.05671085
45.65	-0.05749739
45.66	-0.05882885
45.67	-0.06060534
45.68	-0.0627342
45.69	-0.06518273
45.7	-0.0679146
45.71	-0.07091584
45.72	-0.074206
45.73	-0.07782724
45.74	-0.08173559
45.75	-0.08581657
45.76	-0.08993212
45.77	-0.09397399
45.78	-0.09780343
45.79	-0.10128138
45.8	-0.1042321
45.81	-0.10643912
45.82	-0.1076647
45.83	-0.10777325
45.84	-0.10667461
45.85	-0.10431063
45.86	-0.10073153
45.87	-0.09618499
45.88	-0.09097183
45.89	-0.08540602
45.9	-0.07987672
45.91	-0.07483209
45.92	-0.07059869
45.93	-0.06735029
45.94	-0.06520811
45.95	-0.06426218
45.96	-0.06439883
45.97	-0.06529681
45.98	-0.06662613
45.99	-0.06811017
46	-0.06935466
46.01	-0.0698748
46.02	-0.0693269
46.03	-0.06753272
46.04	-0.06430078
46.05	-0.05947673
46.06	-0.05318061
46.07	-0.04577546
46.08	-0.03758948
46.09	-0.02887298
46.1	-0.02000671
46.11	-0.01148195
46.12	-0.00367092
46.13	0.00318264
46.14	0.00877436
46.15	0.01280187
46.16	0.01519291
46.17	0.01612742
46.18	0.01579455
46.19	0.01437793
46.2	0.01224298
46.21	0.0099207
46.22	0.00778695
46.23	0.00603184
46.24	0.00488383
46.25	0.00463945
46.26	0.00539736
46.27	0.00707313
46.28	0.00964774
46.29	0.01321731
46.3	0.01772199
46.31	0.0229341
46.32	0.02868673
46.33	0.03493273
46.34	0.04148182
46.35	0.04800934
46.36	0.05429966
46.37	0.06033827
46.38	0.0660572
46.39	0.07132156
46.4	0.07608256
46.41	0.08040321
46.42	0.08421721
46.43	0.08736044
46.44	0.08975746
46.45	0.09146877
46.46	0.09247035
46.47	0.09267662
46.48	0.09207842
46.49	0.09081975
46.5	0.08901738
46.51	0.08676017
46.52	0.08422302
46.53	0.08168574
46.54	0.07934362
46.55	0.0773345
46.56	0.07579538
46.57	0.07487643
46.58	0.07461147
46.59	0.07489095
46.6	0.07549049
46.61	0.07614049
46.62	0.0765141
46.63	0.07630116
46.64	0.07522367
46.65	0.07307304
46.66	0.06972577
46.67	0.06521062
46.68	0.0596652
46.69	0.05328271
46.7	0.0463068
46.71	0.0390655
46.72	0.03194857
46.73	0.02538919
46.74	0.01979865
46.75	0.01550932
46.76	0.01270566
46.77	0.01141093
46.78	0.01147584
46.79	0.01261207
46.8	0.01444263
46.81	0.01656876
46.82	0.01857974
46.83	0.02005773
46.84	0.02062893
46.85	0.02006938
46.86	0.01836142
46.87	0.01564899
46.88	0.01213832
46.89	0.0080595
46.9	0.00367603
46.91	-0.0007299
46.92	-0.00486509
46.93	-0.00845365
46.94	-0.01130868
46.95	-0.01337478
46.96	-0.01468432
46.97	-0.01533583
46.98	-0.01547457
46.99	-0.01530043
47	-0.01505157
47.01	-0.01498222
47.02	-0.01529201
47.03	-0.01611977
47.04	-0.0175337
47.05	-0.01954606
47.06	-0.02208704
47.07	-0.02500822
47.08	-0.02809117
47.09	-0.03111288
47.1	-0.0338625
47.11	-0.03616735
47.12	-0.03791712
47.13	-0.03913662
47.14	-0.03993974
47.15	-0.04048408
47.16	-0.0409291
47.17	-0.041446
47.18	-0.04214764
47.19	-0.0430597
47.2	-0.04410449
47.21	-0.04516122
47.22	-0.04606139
47.23	-0.04664041
47.24	-0.04672727
47.25	-0.04616679
47.26	-0.04483624
47.27	-0.04271719
47.28	-0.03983704
47.29	-0.03627622
47.3	-0.03217962
47.31	-0.02777682
47.32	-0.02330917
47.33	-0.01904865
47.34	-0.01528996
47.35	-0.01231752
47.36	-0.01029746
47.37	-0.00926999
47.38	-0.00913451
47.39	-0.00967975
47.4	-0.01060554
47.41	-0.01160985
47.42	-0.01240123
47.43	-0.01269225
47.44	-0.0121883
47.45	-0.01069519
47.46	-0.00815695
47.47	-0.00466817
47.48	-0.00042777
47.49	0.00427048
47.5	0.0091017
47.51	0.0137359
47.52	0.0178556
47.53	0.02115147
47.54	0.0234013
47.55	0.0245285
47.56	0.02459257
47.57	0.0237232
47.58	0.02210853
47.59	0.01996682
47.6	0.01752547
47.61	0.01500656
47.62	0.01264483
47.63	0.01065729
47.64	0.00922477
47.65	0.00848079
47.66	0.00850765
47.67	0.00928477
47.68	0.01069304
47.69	0.01253472
47.7	0.01457218
47.71	0.01657122
47.72	0.01835874
47.73	0.01985229
47.74	0.0210643
47.75	0.02207455
47.76	0.02297335
47.77	0.02382316
47.78	0.02465025
47.79	0.02544367
47.8	0.02614891
47.81	0.02668559
47.82	0.02699001
47.83	0.02704861
47.84	0.02686531
47.85	0.02646074
47.86	0.02590146
47.87	0.02527413
47.88	0.02462437
47.89	0.02396319
47.9	0.02330854
47.91	0.02270566
47.92	0.02217874
47.93	0.02171548
47.94	0.021305
47.95	0.02097644
47.96	0.02076018
47.97	0.02066006
47.98	0.02063252
47.99	0.02057387
48	0.02033591
48.01	0.01981898
48.02	0.01899803
48.03	0.01789457
48.04	0.01651985
48.05	0.01490199
48.06	0.01309523
48.07	0.01116994
48.08	0.00920344
48.09	0.00731063
48.1	0.00562739
48.11	0.00426365
48.12	0.00327545
48.13	0.0027051
48.14	0.00257393
48.15	0.00283791
48.16	0.00342017
48.17	0.00427606
48.18	0.00535643
48.19	0.00659317
48.2	0.00795254
48.21	0.00947298
48.22	0.01117695
48.23	0.0130313
48.24	0.0149639
48.25	0.01690031
48.26	0.01874005
48.27	0.02038407
48.28	0.02176805
48.29	0.02289603
48.3	0.02380358
48.31	0.02452966
48.32	0.0251187
48.33	0.02564304
48.34	0.02614288
48.35	0.0266064
48.36	0.02702755
48.37	0.0274458
48.38	0.02786713
48.39	0.02825372
48.4	0.02859595
48.41	0.02892762
48.42	0.02921086
48.43	0.02930733
48.44	0.02905109
48.45	0.02830347
48.46	0.02692535
48.47	0.02481317
48.48	0.02198562
48.49	0.018586
48.5	0.01477706
48.51	0.01071655
48.52	0.00662592
48.53	0.00278698
48.54	-0.00056943
48.55	-0.00331079
48.56	-0.00532163
48.57	-0.00647579
48.58	-0.00671324
48.59	-0.00608021
48.6	-0.00465582
48.61	-0.00255313
48.62	2.299E-05
48.63	0.00279587
48.64	0.00553392
48.65	0.00807012
48.66	0.01023666
48.67	0.01186601
48.68	0.01288836
48.69	0.01332876
48.7	0.01320228
48.71	0.012494
48.72	0.01124942
48.73	0.00960003
48.74	0.00768917
48.75	0.00564291
48.76	0.00364189
48.77	0.00190588
48.78	0.00059287
48.79	-0.00025674
48.8	-0.00065076
48.81	-0.00064246
48.82	-0.00036083
48.83	7.19E-06
48.84	0.00032864
48.85	0.00053338
48.86	0.0005693
48.87	0.00036899
48.88	-7.84E-05
48.89	-0.00072141
48.9	-0.00153016
48.91	-0.00252024
48.92	-0.00365098
48.93	-0.00481874
48.94	-0.00591889
48.95	-0.00687495
48.96	-0.00760331
48.97	-0.00803838
48.98	-0.00816479
48.99	-0.00804286
49	-0.00778116
49.01	-0.00754584
49.02	-0.00753739
49.03	-0.00794704
49.04	-0.00887611
49.05	-0.01033994
49.06	-0.01229943
49.07	-0.01467418
49.08	-0.01730743
49.09	-0.02000138
49.1	-0.0225637
49.11	-0.0248321
49.12	-0.02664216
49.13	-0.02784802
49.14	-0.02835224
49.15	-0.02814078
49.16	-0.02727353
49.17	-0.02590084
49.18	-0.02422383
49.19	-0.02246542
49.2	-0.02084155
49.21	-0.0195634
49.22	-0.01877843
49.23	-0.01855852
49.24	-0.01889537
49.25	-0.01971843
49.26	-0.02088303
49.27	-0.02221585
49.28	-0.02353982
49.29	-0.0246961
49.3	-0.02551681
49.31	-0.02585552
49.32	-0.02563918
49.33	-0.02491335
49.34	-0.02378579
49.35	-0.02241915
49.36	-0.0210664
49.37	-0.02006219
49.38	-0.01968068
49.39	-0.0200781
49.4	-0.02131132
49.41	-0.02333521
49.42	-0.025933
49.43	-0.02875733
49.44	-0.03143887
49.45	-0.03366597
49.46	-0.03516015
49.47	-0.03571138
49.48	-0.03525451
49.49	-0.03390162
49.5	-0.03182809
49.51	-0.02924064
49.52	-0.02642723
49.53	-0.02376753
49.54	-0.02160659
49.55	-0.02021732
49.56	-0.01985796
49.57	-0.02078293
49.58	-0.0230982
49.59	-0.02671184
49.6	-0.0313801
49.61	-0.03675322
49.62	-0.04234661
49.63	-0.04758446
49.64	-0.05192956
49.65	-0.05499662
49.66	-0.05650385
49.67	-0.05626984
49.68	-0.05428771
49.69	-0.05077903
49.7	-0.04609565
49.71	-0.04063962
49.72	-0.034857
49.73	-0.02924577
49.74	-0.02424776
49.75	-0.02020601
49.76	-0.0173907
49.77	-0.01600765
49.78	-0.01611018
49.79	-0.01757222
49.8	-0.02015279
49.81	-0.02356158
49.82	-0.02746517
49.83	-0.03151988
49.84	-0.03542423
49.85	-0.03893708
49.86	-0.04184362
49.87	-0.04395964
49.88	-0.0451886
49.89	-0.0455463
49.9	-0.04511926
49.91	-0.04403812
49.92	-0.04246496
49.93	-0.04058228
49.94	-0.038566
49.95	-0.03656533
49.96	-0.0346667
49.97	-0.03289286
49.98	-0.03123305
49.99	-0.0296475
50	-0.0296475
