4001
0	0
0.01	-0.000387918
0.02	-0.000233649
0.03	-0.000580762
0.04	-0.000426493
0.05	-0.000387918
0.06	-0.000156515
0.07	-0.000233649
0.08	-0.000426493
0.09	-0.000542188
0.1	-0.000542188
0.11	-0.000426493
0.12	-4.08051E-05
0.13	0.000190599
0.14	-0.000195074
0.15	-0.000465053
0.16	-0.000542188
0.17	-0.000735032
0.18	0.000306308
0.19	0.000344883
0.2	0.000383443
0.21	-0.000272209
0.22	-0.000465053
0.23	7.49042E-05
0.24	0.000460577
0.25	0.000730556
0.26	0.000537712
0.27	0.000653421
0.28	-4.08051E-05
0.29	0.00188759
0.3	-0.001197839
0.31	0.001231938
0.32	-0.001467818
0.33	0.00096196
0.34	-0.000465053
0.35	0.004355957
0.36	0.001424782
0.37	-0.001814931
0.38	-0.001892065
0.39	-0.005170353
0.4	0.000537712
0.41	0.005397281
0.42	0.005088743
0.43	0.006708599
0.44	0.001926164
0.45	-0.000966435
0.46	-0.007368734
0.47	0.000614861
0.48	0.005860104
0.49	0.01149103
0.5	0.01071969
0.51	-0.004900375
0.52	-0.01315393
0.53	-0.001429243
0.54	-0.005440332
0.55	0.01338087
0.56	0.003970269
0.57	-0.0158537
0.58	-0.008062953
0.59	-0.01226688
0.6	-0.001352123
0.61	0.008019918
0.62	0.00763423
0.63	-0.005363197
0.64	-0.0121126
0.65	0.001309073
0.66	-0.004746105
0.67	-0.01280683
0.68	-0.00968281
0.69	-0.004167588
0.7	0.0177005
0.71	0.01415223
0.72	0.002928929
0.73	-0.01666363
0.74	-0.02048186
0.75	-0.005787438
0.76	0.01797047
0.77	0.0244499
0.78	0.000499137
0.79	0.02437277
0.8	0.003507461
0.81	-0.005556034
0.82	0.006940018
0.83	0.002119008
0.84	0.01233953
0.85	0.01723767
0.86	0.01847184
0.87	-0.00104357
0.88	0.01125963
0.89	0.002080434
0.9	0.01318804
0.91	0.01399796
0.92	0.02117161
0.93	0.02880809
0.94	0.01627347
0.95	0.02148017
0.96	0.01149103
0.97	0.002273278
0.98	0.008984122
0.99	-0.02055901
1	-0.02264167
1.01	0.006014373
1.02	0.05912255
1.03	0.05403158
1.04	0.00080769
1.05	-0.05492312
1.06	-0.02075184
1.07	-0.004051879
1.08	0.04446671
1.09	0.02788246
1.1	-0.04366125
1.11	-0.02603566
1.12	-0.02900539
1.13	0.02896236
1.14	0.01037256
1.15	0.009254086
1.16	-0.0403444
1.17	-0.01508234
1.18	-0.08901727
1.19	-0.02511003
1.2	0.01673629
1.21	-0.02237169
1.22	-0.003627631
1.23	0.03451615
1.24	-0.01276825
1.25	0.02020741
1.26	-0.06225105
1.27	-0.1002791
1.28	-0.08307778
1.29	0.008752704
1.3	0.03686881
1.31	0.04697362
1.32	0.00763423
1.33	-0.04477973
1.34	-0.008448634
1.35	0.0114139
1.36	-0.02025046
1.37	-0.04720952
1.38	-0.01515948
1.39	0.02568407
1.4	0.01835615
1.41	0.02086308
1.42	0.03424618
1.43	0.03733162
1.44	-0.04269705
1.45	-0.07154594
1.46	0.01060396
1.47	-0.05924273
1.48	0.009794043
1.49	-0.04682383
1.5	0.03679168
1.51	-0.00104357
1.52	0.02714966
1.53	0.01642774
1.54	-0.004283283
1.55	-0.06128685
1.56	0.04323253
1.57	0.004433091
1.58	-0.01103269
1.59	-0.006018849
1.6	-0.008178655
1.61	-0.02842688
1.62	0.03922145
1.63	0.04161267
1.64	0.06274796
1.65	0.09965757
1.66	0.003738865
1.67	-0.0478266
1.68	-0.03282364
1.69	-0.005671735
1.7	0.1638348
1.71	0.07856085
1.72	0.05441725
1.73	0.01827901
1.74	-0.0411929
1.75	-0.1085327
1.76	-0.05615729
1.77	-0.08334776
1.78	-0.004861815
1.79	0.1052499
1.8	0.06683616
1.81	0.08677584
1.82	0.06915026
1.83	0.009986887
1.84	-0.07817965
1.85	-0.09322118
1.86	-0.08627893
1.87	-0.02757838
1.88	0.02560694
1.89	0.03555749
1.9	-0.05411319
1.91	0.06062672
1.92	0.02344712
1.93	0.03413048
1.94	0.02074737
1.95	-0.03899452
1.96	-0.01330821
1.97	-0.004013319
1.98	-0.03251509
1.99	-0.03891738
2	0.02032312
2.01	0.007287117
2.02	0.02687969
2.03	0.02834527
2.04	0.01230097
2.05	0.007325691
2.06	-0.08338633
2.07	-0.09765651
2.08	0.06247797
2.09	-0.02588139
2.1	0.01156817
2.11	0.07975646
2.12	-0.01697218
2.13	-0.007754407
2.14	-0.01419527
2.15	-0.02325876
2.16	-0.01967193
2.17	-0.001853506
2.18	0.01083538
2.19	0.01943605
2.2	0.03185496
2.21	-0.00532463
2.22	0.03995425
2.23	-0.01770496
2.24	-0.003010539
2.25	0.06243942
2.26	0.01257095
2.27	-0.007831549
2.28	0.009215526
2.29	0.03347481
2.3	0.02957945
2.31	0.08789432
2.32	0.07655532
2.33	0.02622403
2.34	-0.04825085
2.35	-0.0413086
2.36	-0.1432053
2.37	-0.1740212
2.38	-0.08843874
2.39	-0.01812921
2.4	-0.0374518
2.41	0.02838384
2.42	-0.06437229
2.43	0.008289896
2.44	0.01110536
2.45	-0.0328622
2.46	-0.06090117
2.47	-0.1207202
2.48	-0.01866916
2.49	-0.07096742
2.5	0.04373393
2.51	0.1042857
2.52	0.0394143
2.53	0.02946374
2.54	0.08839569
2.55	-0.173327
2.56	-0.1047916
2.57	-0.04161715
2.58	-0.1214915
2.59	0.08303474
2.6	0.1236855
2.61	0.1092224
2.62	0.001694761
2.63	-0.08130365
2.64	-0.2580224
2.65	-0.1001634
2.66	0.1416967
2.67	0.09329384
2.68	0.03791015
2.69	0.05607568
2.7	0.2042926
2.71	0.06012533
2.72	-0.04111577
2.73	-0.0598984
2.74	-0.03043241
2.75	0.06348075
2.76	-0.000696457
2.77	0.03316628
2.78	0.1278122
2.79	0.1111123
2.8	0.06718328
2.81	0.01442221
2.82	-0.03818459
2.83	-0.09734796
2.84	-0.004437567
2.85	-0.01361676
2.86	-0.2144405
2.87	-0.008950023
2.88	0.04489096
2.89	0.1146991
2.9	-0.01361676
2.91	-0.1677732
2.92	0.05326022
2.93	0.04149698
2.94	-0.1015904
2.95	0.1626006
2.96	0.08160773
2.97	0.003237483
2.98	-0.04173285
2.99	-0.07158451
3	-0.03413495
3.01	-0.05426747
3.02	-0.03216797
3.03	0.2100778
3.04	0.1803419
3.05	0.08897423
3.06	0.07316133
3.07	0.05595997
3.08	-0.2248539
3.09	-0.08620179
3.1	0.08407608
3.11	0.07805946
3.12	0.07123292
3.13	-0.02538001
3.14	-0.202523
3.15	-0.1571284
3.16	0.02140302
3.17	-0.03540769
3.18	0.08951417
3.19	0.1114208
3.2	-0.02719271
3.21	-0.03016244
3.22	-0.09707798
3.23	-0.1563956
3.24	-0.03471347
3.25	0.1399612
3.26	-0.1010891
3.27	-0.0872817
3.28	-0.08604753
3.29	-0.1191389
3.3	-0.04057581
3.31	-0.06637783
3.32	-0.1772224
3.33	0.09001556
3.34	0.2921121
3.35	0.09460516
3.36	0.1427766
3.37	0.1746338
3.38	-0.005170353
3.39	-0.1558557
3.4	-0.2386227
3.41	-0.0619425
3.42	-0.04763377
3.43	-0.1973549
3.44	-0.09048285
3.45	0.03694595
3.46	-0.08797593
3.47	-0.06267529
3.48	0.02344712
3.49	0.203367
3.5	0.273098
3.51	0.07424123
3.52	-0.0508349
3.53	-0.1578998
3.54	0.02680254
3.55	0.09626357
3.56	0.1008532
3.57	-0.1616794
3.58	-0.3213126
3.59	-0.4758546
3.6	-0.2792348
3.61	-0.2326832
3.62	0.068726
3.63	0.4390948
3.64	0.5139554
3.65	0.5855376
3.66	0.2144746
3.67	-0.2440222
3.68	-0.2312562
3.69	-0.2919237
3.7	-0.5123786
3.71	-0.1434368
3.72	0.03011939
3.73	0.4089347
3.74	0.4408304
3.75	0.09907906
3.76	0.2951589
3.77	0.102473
3.78	-0.07092885
3.79	-0.2458349
3.8	-0.1466765
3.81	0.08947561
3.82	0.7357602
3.83	0.9814771
3.84	0.4690622
3.85	0.2448662
3.86	-0.160561
3.87	-0.5409189
3.88	-0.6406173
3.89	-0.3274834
3.9	0.01206957
3.91	-0.1766438
3.92	-0.6112284
3.93	-0.3029156
3.94	0.07532114
3.95	-0.007407302
3.96	0.7907582
3.97	1.108135
3.98	0.9183412
3.99	0.8923079
4	0.4787042
4.01	-0.3986414
4.02	-0.981443
4.03	-1.064789
4.04	-1.019085
4.05	-0.8500803
4.06	0.3629615
4.07	0.9545567
4.08	0.3223494
4.09	0.2975116
4.1	-0.1153207
4.11	-0.4819484
4.12	-0.5680323
4.13	-0.2699785
4.14	0.0893599
4.15	0.3893421
4.16	-0.02638277
4.17	-0.9935919
4.18	-0.9693713
4.19	-0.984297
4.2	-0.6727831
4.21	-0.1049459
4.22	0.2275492
4.23	0.7996289
4.24	0.5724245
4.25	0.1695043
4.26	-0.2324518
4.27	-0.3762334
4.28	-0.5584288
4.29	-0.5036237
4.3	-0.391892
4.31	-0.2253553
4.32	0.06544771
4.33	0.3392807
4.34	0.4574147
4.35	0.651489
4.36	0.5912072
4.37	0.6980406
4.38	0.2221111
4.39	0.1236855
4.4	-0.1009348
4.41	-0.1789579
4.42	0.08642873
4.43	0.4163397
4.44	0.2950432
4.45	0.6128053
4.46	0.8104665
4.47	0.5037734
4.48	0.1244183
4.49	-0.3657815
4.5	-0.7953522
4.51	-1.335459
4.52	-1.152724
4.53	-0.33377
4.54	0.1386499
4.55	0.363193
4.56	0.3009442
4.57	0.3264376
4.58	0.167383
4.59	0.1716255
4.6	-0.3024142
4.61	-0.5319712
4.62	-0.5455471
4.63	-0.2689371
4.64	-0.5547649
4.65	-0.4365153
4.66	-0.038416
4.67	0.2021328
4.68	0.4633541
4.69	0.2422822
4.7	0.5251015
4.71	0.6354833
4.72	0.6162764
4.73	0.5058561
4.74	0.2674285
4.75	-0.2010188
4.76	-0.1926881
4.77	-0.09059855
4.78	-0.02815691
4.79	-0.08689602
4.8	-0.1248855
4.81	0.1002746
4.82	-0.1987819
4.83	-0.2313719
4.84	0.3279803
4.85	-0.02349016
4.86	-0.1012819
4.87	0.167383
4.88	-0.158594
4.89	-0.0234516
4.9	-0.259218
4.91	-0.0664164
4.92	-0.1870958
4.93	0.3186469
4.94	0.3364267
4.95	0.2668114
4.96	0.7383442
4.97	0.8478389
4.98	0.3489613
4.99	0.03802584
5	-0.4376337
5.01	-0.3522055
5.02	-0.3144474
5.03	-0.5463956
5.04	-0.2486504
5.05	0.2312131
5.06	0.4370507
5.07	0.3711766
5.08	0.04843921
5.09	-0.2569425
5.1	-0.5002682
5.11	-0.4611602
5.12	-0.5690736
5.13	-0.7508447
5.14	-0.02221743
5.15	-0.1534645
5.16	-0.02854259
5.17	0.5224018
5.18	0.7686201
5.19	0.3168727
5.2	0.1994331
5.21	-0.07455424
5.22	-0.137883
5.23	0.1589367
5.24	0.05742556
5.25	-0.06772771
5.26	0.1264238
5.27	0.775948
5.28	0.8494973
5.29	0.7185203
5.3	0.3360411
5.31	-0.09055999
5.32	-0.4388293
5.33	-0.4227079
5.34	-0.9263293
5.35	-1.014612
5.36	-0.1254641
5.37	0.199086
5.38	-0.4112918
5.39	-0.540379
5.4	-0.2334931
5.41	-0.4232093
5.42	-0.314756
5.43	0.1563526
5.44	0.7354131
5.45	0.8095794
5.46	0.7358372
5.47	0.8788091
5.48	0.03270345
5.49	-0.5584674
5.5	-1.086232
5.51	-1.304797
5.52	-1.303717
5.53	-0.9402909
5.54	-0.04111577
5.55	0.4359323
5.56	0.6254556
5.57	0.3270933
5.58	0.7750224
5.59	1.173276
5.6	0.9286388
5.61	0.4942857
5.62	0.3085421
5.63	0.2591364
5.64	0.255781
5.65	0.6598197
5.66	-0.07386003
5.67	-0.795815
5.68	-1.589777
5.69	-1.06475
5.7	-0.7993248
5.71	-0.5954541
5.72	-0.3318416
5.73	-0.369754
5.74	0.3422891
5.75	0.6956494
5.76	0.4566047
5.77	0.7194459
5.78	0.6501777
5.79	0.4367808
5.8	0.8561311
5.81	0.3132473
5.82	-0.1104611
5.83	-0.3011415
5.84	-0.7938481
5.85	-1.167495
5.86	-0.8375457
5.87	-1.011603
5.88	-0.216986
5.89	0.2144746
5.9	0.3009056
5.91	0.5112556
5.92	0.7190217
5.93	0.8497673
5.94	1.37437
5.95	2.016682
5.96	1.713344
5.97	1.296964
5.98	0.6168549
5.99	0.2743708
6	-0.01504377
6.01	-1.001113
6.02	-2.172501
6.03	-2.615223
6.04	-2.383738
6.05	-1.927324
6.06	-1.129429
6.07	-0.05326469
6.08	0.577207
6.09	0.7511874
6.1	1.291757
6.11	1.895732
6.12	1.313316
6.13	0.3206139
6.14	-0.6106499
6.15	-0.947696
6.16	-0.4818713
6.17	-0.3803602
6.18	-0.2050685
6.19	0.235687
6.2	0.9718736
6.21	1.476614
6.22	1.493584
6.23	0.3228122
6.24	-0.815909
6.25	-1.322616
6.26	-1.273943
6.27	-0.5089846
6.28	0.3835183
6.29	1.019852
6.3	1.27093
6.31	0.5576144
6.32	-0.1793436
6.33	-0.6162423
6.34	-0.508059
6.35	1.223954
6.36	0.978276
6.37	0.3558265
6.38	1.021356
6.39	1.543336
6.4	1.867732
6.41	1.450387
6.42	0.2625304
6.43	-1.344368
6.44	-1.541567
6.45	-0.9505115
6.46	-0.83662
6.47	0.5355535
6.48	1.313162
6.49	1.052018
6.5	-0.01272969
6.51	-0.6073331
6.52	-0.3568337
6.53	-0.3360455
6.54	-0.09661516
6.55	-0.5719662
6.56	-0.4507854
6.57	-0.01839919
6.58	0.1988546
6.59	-0.5978839
6.6	0.002388987
6.61	-0.05870278
6.62	-0.4529067
6.63	-0.8505817
6.64	-1.05935
6.65	-1.386446
6.66	-1.407311
6.67	-1.23067
6.68	-0.8911553
6.69	-0.741627
6.7	-0.7928839
6.71	-0.6792239
6.72	-0.5863906
6.73	-0.08801449
6.74	0.1108037
6.75	-0.4622401
6.76	-0.316183
6.77	0.4484668
6.78	1.839269
6.79	2.432021
6.8	3.258341
6.81	2.640443
6.82	1.530493
6.83	1.084917
6.84	1.019775
6.85	1.367427
6.86	0.8820486
6.87	0.04924914
6.88	0.04535378
6.89	0.39694
6.9	0.03189353
6.91	-0.2046442
6.92	-0.2675873
6.93	-1.856166
6.94	-3.688534
6.95	-4.36035
6.96	-3.97548
6.97	-2.283654
6.98	-0.5349794
6.99	1.54538
7	3.40085
7.01	4.073554
7.02	3.900576
7.03	4.49919
7.04	3.645911
7.05	2.288625
7.06	-0.8599538
7.07	-3.942388
7.08	-6.830594
7.09	-6.283468
7.1	-6.248255
7.11	-6.969632
7.12	-4.174684
7.13	-2.944363
7.14	-1.87788
7.15	-0.7913026
7.16	1.250682
7.17	3.385808
7.18	3.936252
7.19	6.182338
7.2	7.069712
7.21	4.952365
7.22	1.484211
7.23	-0.6606727
7.24	-0.3994128
7.25	0.57524
7.26	1.108366
7.27	1.382893
7.28	-0.7228058
7.29	-1.183385
7.3	-1.814165
7.31	-4.97929
7.32	-3.76459
7.33	-1.90399
7.34	-2.056257
7.35	2.316625
7.36	4.604558
7.37	3.407831
7.38	1.429676
7.39	1.239883
7.4	0.9506613
7.41	1.905799
7.42	2.466771
7.43	0.572116
7.44	0.6944538
7.45	-1.48653
7.46	-4.756405
7.47	-4.824208
7.48	-7.020311
7.49	-4.897333
7.5	-2.918484
7.51	-0.5576575
7.52	3.942152
7.53	3.9818
7.54	3.77901
7.55	2.244195
7.56	1.150521
7.57	0.1263852
7.58	0.8068796
7.59	-0.1564727
7.6	-1.88702
7.61	-2.949917
7.62	-1.850381
7.63	-0.5935643
7.64	-0.5139985
7.65	0.7290108
7.66	0.1135035
7.67	1.799544
7.68	1.533193
7.69	1.845247
7.7	0.7319034
7.71	1.264875
7.72	0.2764149
7.73	-1.287558
7.74	-2.924963
7.75	-3.868531
7.76	-3.387626
7.77	-0.6793782
7.78	2.195715
7.79	3.522378
7.8	3.453534
7.81	2.977797
7.82	1.478735
7.83	0.8999828
7.84	-1.480745
7.85	0.2667729
7.86	-2.157344
7.87	-0.5458171
7.88	2.069134
7.89	2.776858
7.9	3.909254
7.91	3.403665
7.92	0.305958
7.93	-1.374529
7.94	-2.060268
7.95	0.0561914
7.96	1.136559
7.97	1.421693
7.98	0.3750719
7.99	-1.27483
8	-3.341228
8.01	-3.988824
8.02	-3.368689
8.03	-2.623439
8.04	-0.6842377
8.05	0.6176649
8.06	3.096779
8.07	4.323629
8.08	3.800299
8.09	2.075112
8.1	2.263556
8.11	0.8774591
8.12	0.2442106
8.13	-1.030116
8.14	-1.693679
8.15	-1.592554
8.16	-1.775327
8.17	-2.885354
8.18	-2.576501
8.19	-1.552713
8.2	-1.889874
8.21	0.4370507
8.22	0.7936893
8.23	0.6915227
8.24	0.729705
8.25	-0.8670117
8.26	-1.360528
8.27	0.3321843
8.28	1.420034
8.29	3.052696
8.3	2.609279
8.31	1.4495
8.32	-0.2950091
8.33	-0.9074696
8.34	-1.492778
8.35	-1.456563
8.36	-0.9772777
8.37	-0.4533309
8.38	-0.7961622
8.39	-1.508629
8.4	-1.92879
8.41	-1.94225
8.42	-0.4841468
8.43	2.125444
8.44	2.809602
8.45	2.466423
8.46	2.739794
8.47	2.530408
8.48	1.553055
8.49	0.7517659
8.5	-1.055995
8.51	-1.623408
8.52	-2.721517
8.53	-2.663087
8.54	-1.645315
8.55	0.3221566
8.56	0.772747
8.57	-0.02457008
8.58	-1.953705
8.59	-3.38562
8.6	-3.110283
8.61	-2.076505
8.62	1.136521
8.63	5.593057
8.64	3.465297
8.65	2.975792
8.66	4.910634
8.67	0.6791423
8.68	-0.6356035
8.69	-1.197925
8.7	-2.097949
8.71	-1.19835
8.72	-1.037367
8.73	0.06000962
8.74	-0.8138264
8.75	-0.3865696
8.76	1.379036
8.77	2.465228
8.78	2.258773
8.79	1.192329
8.8	2.242613
8.81	2.9982
8.82	1.977072
8.83	1.997668
8.84	0.05264313
8.85	-2.285236
8.86	-5.470184
8.87	-5.913292
8.88	-8.123317
8.89	-3.564036
8.9	-2.18168
8.91	1.530416
8.92	3.187954
8.93	1.536548
8.94	-0.027077
8.95	-1.211887
8.96	-1.476232
8.97	-2.041408
8.98	1.12387
8.99	0.1832345
9	0.2125076
9.01	0.7089554
9.02	2.859895
9.03	2.523427
9.04	2.735011
9.05	2.448181
9.06	0.6899028
9.07	-0.553685
9.08	-2.656453
9.09	-2.493271
9.1	-1.656538
9.11	0.08183913
9.12	2.558331
9.13	3.072366
9.14	4.681887
9.15	1.410238
9.16	-0.1649191
9.17	-0.1777623
9.18	-0.4115618
9.19	-0.2548984
9.2	-1.443912
9.21	-1.631237
9.22	-1.29558
9.23	-1.158085
9.24	-0.4427247
9.25	-0.4583833
9.26	-0.6928384
9.27	-1.23067
9.28	-1.582603
9.29	-1.921963
9.3	-1.014882
9.31	0.4678666
9.32	0.5504022
9.33	-0.1595196
9.34	-0.4417991
9.35	-0.7060287
9.36	-0.57806
9.37	0.06486921
9.38	0.3093134
9.39	-0.08674175
9.4	-0.7803107
9.41	-0.7386573
9.42	-0.001776371
9.43	0.03220207
9.44	0.4652054
9.45	0.7345646
9.46	0.5501322
9.47	0.2902222
9.48	0.828092
9.49	1.491231
9.5	1.174009
9.51	1.51333
9.52	1.657575
9.53	1.672809
9.54	0.9369696
9.55	0.192298
9.56	-0.9562196
9.57	-1.254929
9.58	-0.7262769
9.59	0.4060806
9.6	0.6417699
9.61	0.9181484
9.62	0.7041344
9.63	0.2719024
9.64	-0.3184199
9.65	-1.036942
9.66	-0.8348845
9.67	-0.8315676
9.68	-0.1568584
9.69	0.08060496
9.7	0.1030901
9.71	0.1843144
9.72	-0.08215216
9.73	-0.1213758
9.74	0.08210912
9.75	0.5285727
9.76	0.5058561
9.77	0.5612398
9.78	0.5237903
9.79	0.2513071
9.8	-0.04898364
9.81	0.5931356
9.82	0.8168302
9.83	0.7639148
9.84	0.2332958
9.85	-0.59368
9.86	-1.203826
9.87	-1.436854
9.88	-1.267078
9.89	-0.7321778
9.9	-0.05727577
9.91	0.194882
9.92	0.4557948
9.93	-0.299753
9.94	-1.015306
9.95	-1.262295
9.96	-0.8309891
9.97	-0.283863
9.98	0.4686765
9.99	0.9351183
10	1.137176
10.01	0.775601
10.02	-0.07794824
10.03	-0.3421007
10.04	-0.1066043
10.05	0.5645181
10.06	0.895509
10.07	1.086189
10.08	1.009632
10.09	0.6450867
10.1	0.1165504
10.11	0.03409191
10.12	-0.2570582
10.13	-0.6505679
10.14	-0.3262107
10.15	0.03752446
10.16	0.7523058
10.17	1.477076
10.18	1.306606
10.19	1.108057
10.2	0.6297752
10.21	0.5577301
10.22	0.1683472
10.23	-0.03992015
10.24	-0.1392328
10.25	-0.2740667
10.26	-0.600198
10.27	-0.8271709
10.28	-1.073351
10.29	-1.232212
10.3	-1.065097
10.31	-0.910555
10.32	-0.5810682
10.33	0.4285658
10.34	0.9144844
10.35	0.9031069
10.36	0.02950232
10.37	-0.4861523
10.38	-0.9596135
10.39	-0.8441408
10.4	-0.3588007
10.41	-0.1533873
10.42	-0.2208042
10.43	-0.4466586
10.44	-0.09160132
10.45	0.8060311
10.46	0.9859124
10.47	0.742471
10.48	0.6625967
10.49	-0.2619178
10.5	-1.138338
10.51	-1.837769
10.52	-2.109442
10.53	-1.752341
10.54	-1.357173
10.55	-1.402645
10.56	-0.641543
10.57	-0.109574
10.58	-0.3535168
10.59	0.2283591
10.6	0.8779219
10.61	1.342898
10.62	0.1899453
10.63	-0.516891
10.64	-0.5903246
10.65	-1.026683
10.66	-0.4865766
10.67	0.3029497
10.68	-0.5023895
10.69	-0.8678987
10.7	-0.7692803
10.71	-0.6729759
10.72	-0.306001
10.73	0.7913753
10.74	1.561617
10.75	1.680716
10.76	1.02718
10.77	-0.6150853
10.78	-1.581909
10.79	-1.525291
10.8	-0.5963026
10.81	0.765149
10.82	1.799004
10.83	3.001825
10.84	2.325496
10.85	1.168956
10.86	0.6765968
10.87	0.1184016
10.88	-0.1695473
10.89	-0.808504
10.9	-1.153649
10.91	-0.9326544
10.92	-0.7261227
10.93	-0.1914925
10.94	0.07964076
10.95	0.6265355
10.96	0.5957968
10.97	0.7965434
10.98	0.6888615
10.99	0.5838407
11	1.259553
11.01	0.7920309
11.02	0.3406306
11.03	-0.9427592
11.04	-1.477852
11.05	-1.424513
11.06	-0.3226239
11.07	0.6881287
11.08	1.106438
11.09	0.6570428
11.1	-0.4709179
11.11	-0.997873
11.12	-0.06803626
11.13	0.3728735
11.14	0.869437
11.15	1.041219
11.16	0.5590029
11.17	0.1752895
11.18	-0.3637374
11.19	-0.1572056
11.2	-0.1767595
11.21	-0.1886771
11.22	0.1899453
11.23	0.3080792
11.24	0.04824638
11.25	-0.2432123
11.26	-0.2784635
11.27	0.05360734
11.28	0.2755664
11.29	0.5648652
11.3	0.3847139
11.31	0.02730393
11.32	-0.2275922
11.33	-0.3223153
11.34	-0.7007835
11.35	-1.202361
11.36	-1.027609
11.37	-0.8486147
11.38	-0.5083289
11.39	-0.2387384
11.4	-0.7314065
11.41	-0.963316
11.42	-0.6292397
11.43	0.3419806
11.44	1.292837
11.45	1.281729
11.46	2.269341
11.47	2.177279
11.48	2.03963
11.49	1.063318
11.5	0.661401
11.51	0.1104952
11.52	-0.2940835
11.53	-0.3169543
11.54	-0.5725833
11.55	-1.755812
11.56	-1.818447
11.57	-1.61824
11.58	-0.2630748
11.59	0.2980515
11.6	0.8932334
11.61	1.086035
11.62	0.379353
11.63	-0.06522078
11.64	-0.3163758
11.65	-0.5485168
11.66	-0.6671906
11.67	-0.3348499
11.68	-0.2823588
11.69	-0.01053131
11.7	-0.2182202
11.71	-0.3399795
11.72	-0.5587759
11.73	-0.502968
11.74	-0.2727554
11.75	-0.00821723
11.76	0.4798227
11.77	0.8654645
11.78	0.5606999
11.79	0.2918807
11.8	-0.1138165
11.81	-0.07297296
11.82	-0.2868327
11.83	-0.3601891
11.84	-0.5658725
11.85	-0.2307162
11.86	-0.2354987
11.87	-0.05762288
11.88	0.2349157
11.89	0.3196111
11.9	0.3696724
11.91	-0.08512189
11.92	-0.01824492
11.93	-0.3275991
11.94	0.09217537
11.95	0.156854
11.96	-0.0760584
11.97	-0.2085782
11.98	0.06213086
11.99	0.1214485
12	-0.06063118
12.01	-0.1590954
12.02	-0.2774993
12.03	-0.3109763
12.04	0.09248392
12.05	0.4098988
12.06	0.3874522
12.07	0.04689651
12.08	-0.09117707
12.09	-0.04609104
12.1	-0.03243796
12.11	0.04168981
12.12	0.3236221
12.13	0.3926204
12.14	0.4929744
12.15	0.5054319
12.16	0.57524
12.17	0.4427974
12.18	0.1119993
12.19	-0.2032172
12.2	-0.253857
12.21	-0.2701328
12.22	-0.5089846
12.23	-0.3804759
12.24	-0.2080768
12.25	-0.327252
12.26	-0.279312
12.27	-0.1347589
12.28	-0.1698173
12.29	-0.1295908
12.3	0.1993945
12.31	0.1056742
12.32	0.1056742
12.33	0.370598
12.34	0.2768777
12.35	-0.06410231
12.36	-0.06120971
12.37	-0.08388771
12.38	-0.2603365
12.39	-0.1138551
12.4	0.2787289
12.41	0.7610223
12.42	0.5124898
12.43	0.0927539
12.44	-0.3720681
12.45	-0.5015409
12.46	-0.3979858
12.47	-0.1187918
12.48	-0.09823502
12.49	-0.01053131
12.5	0.1375699
12.51	0.04913343
12.52	-0.09865927
12.53	0.3002113
12.54	0.1283522
12.55	0.08588877
12.56	-0.117519
12.57	-0.0852376
12.58	-0.001236414
12.59	0.06984447
12.6	-0.2022145
12.61	-0.381633
12.62	-0.4691824
12.63	-0.5598173
12.64	-0.6588214
12.65	-0.7407399
12.66	-0.7543545
12.67	-0.4560693
12.68	0.1206386
12.69	0.5418015
12.7	0.589703
12.71	0.544077
12.72	0.4589574
12.73	0.2214169
12.74	-0.003049114
12.75	-0.1217615
12.76	-0.03502201
12.77	-0.1491448
12.78	-0.3785475
12.79	-0.5786385
12.8	-0.4133744
12.81	-0.3509328
12.82	-0.2216913
12.83	-0.06703348
12.84	-0.000966435
12.85	-0.008255797
12.86	0.07019158
12.87	0.1405011
12.88	0.2847456
12.89	0.206221
12.9	0.03139215
12.91	-0.173057
12.92	-0.304844
12.93	-0.05773859
12.94	0.2860183
12.95	-0.1009734
12.96	0.07528257
12.97	0.1461706
12.98	0.3707523
12.99	0.2218025
13	0.1992788
13.01	0.03058221
13.02	0.01885753
13.03	0.05808123
13.04	0.2633017
13.05	0.4028023
13.06	0.2768391
13.07	0.2536983
13.08	0.1200601
13.09	0.01403654
13.1	-0.03887882
13.11	0.2677756
13.12	0.211582
13.13	0.005435856
13.14	-0.02703843
13.15	0.004664495
13.16	-0.09237268
13.17	-0.1198717
13.18	0.1023188
13.19	0.1589752
13.2	0.1067927
13.21	0.2312131
13.22	0.3243549
13.23	0.2086894
13.24	-0.1267368
13.25	-0.248419
13.26	-0.4533309
13.27	-0.06510508
13.28	0.1493718
13.29	0.3128617
13.3	0.02256007
13.31	-0.1108853
13.32	-0.1556243
13.33	-0.1300537
13.34	-0.002663441
13.35	0.2582108
13.36	0.2719024
13.37	0.1368757
13.38	0.09761345
13.39	0.08434607
13.4	0.2177915
13.41	0.000769131
13.42	-0.07359005
13.43	-0.3061553
13.44	-0.4482014
13.45	-0.5467813
13.46	-0.2143634
13.47	-0.1859002
13.48	-0.06903902
13.49	0.07127149
13.5	0.3017926
13.51	0.3607246
13.52	0.3107019
13.53	0.06687474
13.54	-0.3223924
13.55	0.1671902
13.56	0.3311429
13.57	0.4712606
13.58	0.3841354
13.59	-0.02325876
13.6	-0.4586919
13.61	-0.3890766
13.62	-0.05091205
13.63	0.08195484
13.64	0.2808502
13.65	0.1812675
13.66	-0.1561642
13.67	0.06340361
13.68	0.04284686
13.69	0.2134719
13.7	0.3355782
13.71	0.1156247
13.72	-0.1756411
13.73	-0.2927722
13.74	-0.1288195
13.75	-0.05484598
13.76	0.2584422
13.77	0.2450591
13.78	-0.2016359
13.79	-0.3268663
13.8	-0.290381
13.81	-0.1462137
13.82	0.01758479
13.83	-0.07050461
13.84	-0.0750942
13.85	-0.225201
13.86	-0.1209902
13.87	0.0667976
13.88	0.07296849
13.89	-0.1728642
13.9	-0.2446393
13.91	-0.2171403
13.92	-0.1212601
13.93	-0.1782637
13.94	-0.3639688
13.95	-0.3555995
13.96	-0.2066498
13.97	0.1430852
13.98	0.4463842
13.99	0.648365
14	0.3965158
14.01	0.0252984
14.02	-0.3281391
14.03	-0.4583062
14.04	-0.7695116
14.05	-0.389308
14.06	-0.132792
14.07	0.03019654
14.08	0.3802401
14.09	0.5314653
14.1	0.2083809
14.11	0.06494633
14.12	-0.1405442
14.13	-0.1525774
14.14	-0.2765736
14.15	-0.2621106
14.16	-0.5031994
14.17	-0.06213535
14.18	0.07975646
14.19	0.2449434
14.2	0.3794687
14.21	0.3312586
14.22	0.07755808
14.23	0.5603142
14.24	0.4783571
14.25	0.09711207
14.26	-0.1981262
14.27	-0.249036
14.28	-0.3020285
14.29	-0.1901812
14.3	0.01230097
14.31	-0.2336474
14.32	-0.166539
14.33	-0.02993103
14.34	0.1082197
14.35	0.1653389
14.36	0.1292778
14.37	-0.09615235
14.38	-0.2500388
14.39	-0.2116636
14.4	-0.1096512
14.41	0.3209224
14.42	0.3422891
14.43	0.2042541
14.44	0.1298949
14.45	0.0958779
14.46	-0.1674646
14.47	-0.140737
14.48	-0.3778918
14.49	-0.2295977
14.5	-0.1711286
14.51	-0.0422728
14.52	-0.004977509
14.53	0.1597466
14.54	0.01446077
14.55	0.05638424
14.56	0.1990474
14.57	0.1695043
14.58	0.1275808
14.59	0.002504681
14.6	0.03177782
14.61	0.1317076
14.62	0.2541225
14.63	0.04948055
14.64	-0.02140749
14.65	-0.1873272
14.66	-0.2101209
14.67	0.02225151
14.68	0.1841216
14.69	-0.05152913
14.7	-0.07567272
14.71	0.02876951
14.72	-0.01658649
14.73	0.03775587
14.74	0.1782207
14.75	-0.01153408
14.76	0.07015301
14.77	0.1025116
14.78	0.08723866
14.79	0.257208
14.8	0.1736696
14.81	-0.0948796
14.82	-0.1428582
14.83	0.0321635
14.84	-0.2363086
14.85	-0.3661286
14.86	-0.1599439
14.87	0.3387022
14.88	0.5548375
14.89	0.4508966
14.9	0.2599849
14.91	-0.09711655
14.92	-0.2280936
14.93	-0.09908352
14.94	0.047745
14.95	0.09965757
14.96	0.1422367
14.97	0.1529586
14.98	0.1754823
14.99	0.3648128
15	0.2790375
15.01	0.06375073
15.02	-0.112968
15.03	-0.2515815
15.04	-0.03992015
15.05	0.06051101
15.06	0.05356876
15.07	-0.1399271
15.08	-0.07212447
15.09	-0.1268139
15.1	0.1368371
15.11	0.2172129
15.12	0.2804259
15.13	0.1344074
15.14	0.150066
15.15	0.1757137
15.16	0.05275884
15.17	0.02957945
15.18	-0.1983576
15.19	-0.335197
15.2	-0.2829759
15.21	-0.2421324
15.22	-0.04366125
15.23	0.05441725
15.24	0.03262632
15.25	-0.00952854
15.26	-0.01006849
15.27	-0.1248084
15.28	-0.2936978
15.29	-0.2234654
15.3	0.01507786
15.31	0.2290147
15.32	0.4482355
15.33	0.4377835
15.34	0.06394356
15.35	-0.1930738
15.36	-0.2275536
15.37	-0.543233
15.38	-0.6919128
15.39	-0.4837997
15.4	-0.1432053
15.41	0.2305189
15.42	0.4965998
15.43	0.7005862
15.44	0.4317284
15.45	0.181229
15.46	-0.1480264
15.47	-0.08111082
15.48	-0.1600982
15.49	-0.2744524
15.5	-0.2923094
15.51	-0.2349201
15.52	0.07501259
15.53	0.3186469
15.54	0.2996328
15.55	0.2868668
15.56	0.08091351
15.57	-0.03486774
15.58	-0.06005267
15.59	0.0237171
15.6	-0.07347435
15.61	-0.202793
15.62	-0.2034486
15.63	-0.2443307
15.64	-0.1681203
15.65	-0.1459437
15.66	-0.2062641
15.67	-0.3291804
15.68	-0.1037502
15.69	-0.03513771
15.7	0.2752964
15.71	0.2608719
15.72	0.02182726
15.73	-0.1879057
15.74	-0.1799993
15.75	-0.01407956
15.76	0.006862869
15.77	-0.008680045
15.78	-0.1310178
15.79	-0.2827059
15.8	-0.1805778
15.81	-0.1824676
15.82	-0.2554383
15.83	-0.3306846
15.84	-0.2726011
15.85	-0.1175962
15.86	0.05592142
15.87	0.1446665
15.88	0.1283908
15.89	0.1681158
15.9	0.2181771
15.91	0.1803033
15.92	0.04199836
15.93	-0.1587868
15.94	-0.2088867
15.95	-0.2411296
15.96	-0.12261
15.97	-0.01546802
15.98	-0.0486751
15.99	0.02329287
16	0.05892972
16.01	0.1688486
16.02	0.2094993
16.03	0.04168981
16.04	0.02973372
16.05	0.1596694
16.06	0.1211014
16.07	0.07682529
16.08	0.09738205
16.09	0.03038937
16.1	-0.1417012
16.11	-0.144131
16.12	-0.01963337
16.13	-0.05052637
16.14	-0.1573984
16.15	-0.03101094
16.16	-0.08620179
16.17	0.09938759
16.18	0.3543995
16.19	0.4119044
16.2	0.2740622
16.21	-0.1551229
16.22	-0.4514797
16.23	-0.3950546
16.24	-0.433237
16.25	-0.1514975
16.26	0.05052189
16.27	0.1991245
16.28	0.3551708
16.29	0.4743846
16.3	0.3199968
16.31	0.1355258
16.32	-0.08176647
16.33	-0.2484961
16.34	-0.1452109
16.35	-0.02082898
16.36	-0.1026704
16.37	-0.1582469
16.38	-0.2616092
16.39	0.03852723
16.4	0.2733294
16.41	0.327479
16.42	0.294349
16.43	0.1766779
16.44	-0.0603612
16.45	-0.07254871
16.46	0.08315045
16.47	0.1002746
16.48	0.03976141
16.49	0.1021645
16.5	0.2574394
16.51	0.06918882
16.52	0.02549124
16.53	-0.1101525
16.54	-0.1233043
16.55	0.03598174
16.56	0.09946473
16.57	-0.009027158
16.58	-0.01469666
16.59	-0.03309361
16.6	-0.2678187
16.61	-0.1980105
16.62	-0.2458349
16.63	0.0684946
16.64	0.2666957
16.65	0.03713877
16.66	-0.1053701
16.67	-0.06336952
16.68	-0.1197174
16.69	0.02163444
16.7	0.1709699
16.71	0.1445122
16.72	0.2363813
16.73	0.2512685
16.74	0.1149691
16.75	-0.07181592
16.76	-0.1877514
16.77	-0.309395
16.78	-0.3153731
16.79	-0.1681203
16.8	0.02336999
16.81	0.3207681
16.82	0.4584174
16.83	0.3345369
16.84	0.2337586
16.85	-0.09711655
16.86	-0.06387091
16.87	-0.0646037
16.88	-0.01724215
16.89	-0.1381915
16.9	-0.1327534
16.91	0.09653356
16.92	0.1465949
16.93	0.2571309
16.94	0.297203
16.95	0.1284679
16.96	-0.06198107
16.97	-0.1734041
16.98	-0.2532014
16.99	-0.08107224
17	-0.08527616
17.01	0.004433091
17.02	0.109261
17.03	0.08399895
17.04	0.1049028
17.05	0.03486327
17.06	0.07690241
17.07	-0.03803032
17.08	0.08469317
17.09	0.1486004
17.1	-0.03336359
17.11	-0.1987433
17.12	-0.1692388
17.13	-0.1815034
17.14	0.0398771
17.15	0.2647288
17.16	-0.07956809
17.17	-0.1105768
17.18	-0.184126
17.19	0.006477196
17.2	-0.007870109
17.21	-0.03058669
17.22	-0.2290192
17.23	-0.2737967
17.24	-0.06996465
17.25	0.09688066
17.26	-0.03440492
17.27	-0.01284539
17.28	-0.2665459
17.29	-0.3550982
17.3	-0.3028385
17.31	-0.01523661
17.32	0.1379171
17.33	0.1333275
17.34	-0.04562822
17.35	-0.2839787
17.36	-0.22038
17.37	-0.04863653
17.38	0.09051695
17.39	0.0566542
17.4	0.1456692
17.41	0.1843144
17.42	0.346493
17.43	0.3844054
17.44	0.04076417
17.45	-0.1231114
17.46	-0.07613554
17.47	0.09684211
17.48	0.2174829
17.49	0.1682315
17.5	0.08893565
17.51	0.143548
17.52	0.08735437
17.53	0.1063298
17.54	0.08924419
17.55	-0.07185449
17.56	-0.1030175
17.57	-0.09626805
17.58	0.01203099
17.59	0.1881712
17.6	0.2022099
17.61	-0.001622087
17.62	-0.2150576
17.63	-0.2338788
17.64	-0.1205273
17.65	-0.0423885
17.66	-0.1181361
17.67	-0.2049142
17.68	-0.3080451
17.69	-0.2766508
17.7	-0.1091498
17.71	-0.00193064
17.72	0.03062077
17.73	0.1038229
17.74	0.1248811
17.75	0.3343826
17.76	0.2267778
17.77	0.2278963
17.78	-0.000773591
17.79	-0.03891738
17.8	0.1090296
17.81	0.2000502
17.82	0.006978578
17.83	-0.1573213
17.84	-0.09360686
17.85	0.01530926
17.86	-0.03822316
17.87	-0.1435139
17.88	-0.2933507
17.89	-0.3203098
17.9	-0.1576298
17.91	-0.0713531
17.92	0.07663245
17.93	-0.1187532
17.94	-0.1702415
17.95	-0.1953108
17.96	-0.3906579
17.97	-0.610997
17.98	-0.4349725
17.99	-0.1692002
18	0.07628534
18.01	0.3266304
18.02	0.390422
18.03	0.229709
18.04	0.0998504
18.05	0.159708
18.06	0.1521487
18.07	0.03077506
18.08	-0.06306098
18.09	-0.03899452
18.1	0.101316
18.11	-0.02580426
18.12	-0.1083784
18.13	-0.2960119
18.14	-0.1188304
18.15	0.1507602
18.16	0.4271774
18.17	0.5244073
18.18	0.2256594
18.19	-0.06236675
18.2	-0.2505402
18.21	-0.2292121
18.22	-0.3025299
18.23	-0.1835475
18.24	-0.1878286
18.25	-0.2527386
18.26	-0.1107311
18.27	0.1391512
18.28	0.4732661
18.29	0.4190395
18.3	0.3076164
18.31	-0.06363949
18.32	-0.1683903
18.33	-0.1789965
18.34	0.0342076
18.35	-0.07933668
18.36	-0.06468083
18.37	0.06895742
18.38	0.1635262
18.39	0.2131633
18.4	0.1696586
18.41	0.160248
18.42	-0.08211358
18.43	-0.1599825
18.44	-0.1814263
18.45	0.06483063
18.46	0.03555749
18.47	0.06344218
18.48	0.04689651
18.49	-0.0835406
18.5	0.09973471
18.51	0.2392738
18.52	0.1422367
18.53	-0.01886201
18.54	-0.1669633
18.55	-0.3124033
18.56	-0.1948479
18.57	0.1378399
18.58	0.3305644
18.59	0.430957
18.6	0.3691324
18.61	0.2602549
18.62	-0.08512189
18.63	-0.1516132
18.64	-0.1275082
18.65	-0.04030583
18.66	-0.1661533
18.67	-0.04431691
18.68	0.02013027
18.69	0.09483656
18.7	0.1266552
18.71	0.1062527
18.72	0.154617
18.73	0.09171254
18.74	-0.006365962
18.75	-0.007792982
18.76	-0.1973549
18.77	-0.3620404
18.78	-0.3029156
18.79	-0.1337176
18.8	-0.05931987
18.81	-0.05438317
18.82	-0.118329
18.83	-0.2105837
18.84	-0.1406599
18.85	0.2439791
18.86	0.177025
18.87	0.3533195
18.88	0.08693012
18.89	-0.06213535
18.9	-0.1221472
18.91	0.03189353
18.92	0.002388987
18.93	0.141581
18.94	0.0885114
18.95	0.1888655
18.96	0.2697426
18.97	0.269974
18.98	0.2351471
18.99	0.09171254
19	-0.05943558
19.01	-0.2769593
19.02	-0.4128731
19.03	-0.2071897
19.04	0.05326022
19.05	0.198276
19.06	0.2612576
19.07	0.08797145
19.08	-0.06252103
19.09	-0.1028632
19.1	-0.06101687
19.11	-0.02946821
19.12	0.03848865
19.13	-0.05958985
19.14	-0.1471007
19.15	-0.08103368
19.16	-0.03251509
19.17	-0.002547717
19.18	-0.02591996
19.19	0.1269252
19.2	0.1047485
19.21	0.1539614
19.22	0.2129704
19.23	0.1087211
19.24	0.1135035
19.25	0.1100709
19.26	-0.04562822
19.27	-0.109574
19.28	-0.2420552
19.29	-0.08300065
19.3	-0.003434787
19.31	0.05017478
19.32	-0.08901727
19.33	-0.1713986
19.34	0.1118836
19.35	0.3173741
19.36	0.1463635
19.37	-0.1332548
19.38	-0.2268209
19.39	-0.4166913
19.4	-0.1718614
19.41	0.1470577
19.42	0.1063298
19.43	-0.09179416
19.44	-0.06514365
19.45	0.1186716
19.46	0.1227213
19.47	0.09182825
19.48	0.1332889
19.49	0.02344712
19.5	0.07532114
19.51	0.1348316
19.52	0.09630215
19.53	-0.1122738
19.54	-0.1760267
19.55	-0.01134123
19.56	0.05515006
19.57	-0.07193162
19.58	-0.1043673
19.59	-0.1168634
19.6	-0.06529792
19.61	0.115509
19.62	0.1485233
19.63	0.1239554
19.64	0.08681441
19.65	-0.01870774
19.66	-0.1715914
19.67	-0.09032858
19.68	-0.04447118
19.69	-0.1975863
19.7	-0.1004334
19.71	-0.1090341
19.72	-0.3162216
19.73	-0.3657043
19.74	-0.1860544
19.75	-0.02784836
19.76	0.1231455
19.77	0.3132473
19.78	0.284437
19.79	-0.01373246
19.8	-0.09109993
19.81	-0.2899567
19.82	-0.06317668
19.83	-0.1023232
19.84	-0.1654205
19.85	-0.178148
19.86	0.1314762
19.87	0.2977044
19.88	0.3133631
19.89	0.191141
19.9	0.0197446
19.91	-0.2781935
19.92	-0.3128276
19.93	-0.2788106
19.94	-0.3228167
19.95	-0.1110396
19.96	0.1561212
19.97	0.3976342
19.98	0.361226
19.99	0.3114732
20	0.1103023
20.01	0.2769548
20.02	0.125421
20.03	0.1048257
20.04	0.004895914
20.05	-0.01465809
20.06	-0.07119883
20.07	-0.008371499
20.08	0.1721655
20.09	0.07778949
20.1	-0.001352123
20.11	-0.05569448
20.12	-0.006211685
20.13	0.1939178
20.14	0.294079
20.15	0.2036756
20.16	-0.02422297
20.17	-0.1754482
20.18	-0.2915766
20.19	-0.2422481
20.2	-0.1613709
20.21	-0.1303622
20.22	-0.1500705
20.23	0.000730556
20.24	0.09055551
20.25	0.1367214
20.26	0.0713872
20.27	0.09653356
20.28	-0.008410066
20.29	-0.1113867
20.3	-0.08400342
20.31	-0.119216
20.32	0.01284091
20.33	0.03424618
20.34	-0.02711556
20.35	-0.02538001
20.36	0.04608657
20.37	-0.04127003
20.38	0.05214175
20.39	0.1466334
20.4	0.09414233
20.41	0.006515756
20.42	0.1082197
20.43	0.2270478
20.44	0.1988931
20.45	0.139884
20.46	0.04026279
20.47	-0.2469148
20.48	-0.3268663
20.49	-0.2679344
20.5	-0.1845117
20.51	0.01303376
20.52	-0.000927876
20.53	-0.1490291
20.54	-0.1553543
20.55	-0.04169429
20.56	0.02684112
20.57	0.0527974
20.58	-0.03093379
20.59	-0.09885211
20.6	0.005011609
20.61	0.07408697
20.62	0.09105689
20.63	-0.1101911
20.64	-0.1767981
20.65	-0.1298994
20.66	0.128815
20.67	0.1359501
20.68	0.1303192
20.69	-0.06788198
20.7	-0.08732026
20.71	-0.2145562
20.72	-0.1448638
20.73	0.04296255
20.74	0.1216028
20.75	0.04523807
20.76	0.06024103
20.77	0.05916113
20.78	-0.04169429
20.79	-0.08107224
20.8	-0.08465907
20.81	-0.1558942
20.82	-0.1674646
20.83	-0.07956809
20.84	0.1053271
20.85	0.199086
20.86	0.05480294
20.87	0.09259961
20.88	-0.01319251
20.89	-0.01215116
20.9	0.1711241
20.91	0.2886795
20.92	0.2123534
20.93	0.08399895
20.94	-0.0375675
20.95	-0.1044059
20.96	0.1170903
20.97	0.1565068
20.98	0.006245792
20.99	-0.05823997
21	-0.1218387
21.01	-0.2174103
21.02	-0.1324063
21.03	-0.009027158
21.04	0.005898663
21.05	0.05788838
21.06	0.1315919
21.07	0.1776807
21.08	0.1172832
21.09	-0.01998048
21.1	-0.1846274
21.11	-0.1456737
21.12	0.005860104
21.13	0.02907807
21.14	0.002928929
21.15	0.05256599
21.16	-0.06822909
21.17	-0.1845503
21.18	-0.1282795
21.19	-0.1729027
21.2	-0.0845048
21.21	0.1175917
21.22	0.2130476
21.23	0.2867511
21.24	0.2155931
21.25	0.1532671
21.26	0.08592734
21.27	0.196579
21.28	0.2226125
21.29	0.1148148
21.3	0.06845603
21.31	0.06942022
21.32	0.07107866
21.33	0.04473669
21.34	-0.09449392
21.35	-0.3134061
21.36	-0.4242121
21.37	-0.5296571
21.38	-0.2165232
21.39	0.09325528
21.4	0.3835183
21.41	0.3039524
21.42	0.1924137
21.43	-0.006983054
21.44	-0.05226192
21.45	-0.06556789
21.46	0.06344218
21.47	0.1091839
21.48	0.07454978
21.49	0.08908992
21.5	0.007672805
21.51	-0.2504245
21.52	-0.2287107
21.53	-0.266893
21.54	-0.2962819
21.55	-0.08890156
21.56	0.1287764
21.57	0.06741469
21.58	0.02267578
21.59	-0.1133151
21.6	-0.02711556
21.61	0.08716152
21.62	0.2631474
21.63	0.2822772
21.64	0.1434323
21.65	-0.1836632
21.66	-0.1973934
21.67	-0.09746367
21.68	-0.1802307
21.69	-0.1805392
21.7	-0.2564797
21.71	-0.1676575
21.72	-0.1457894
21.73	-0.06695635
21.74	-0.007792982
21.75	0.1197901
21.76	0.2340672
21.77	0.1602865
21.78	0.2722495
21.79	0.08450033
21.8	-0.04960073
21.81	-0.05527023
21.82	0.03621315
21.83	0.04477525
21.84	-0.06792054
21.85	-0.2006332
21.86	-0.1738284
21.87	-0.005710303
21.88	0.1834659
21.89	0.2202984
21.9	0.1553884
21.91	-0.06101687
21.92	-0.1350675
21.93	-0.1094198
21.94	-0.1352603
21.95	-0.04084579
21.96	0.119173
21.97	0.1399997
21.98	0.04465956
21.99	0.05900686
22	-0.0590499
22.01	-0.1231114
22.02	-0.2197243
22.03	-0.07949096
22.04	0.03594316
22.05	0.05225746
22.06	0.08720009
22.07	0.1196744
22.08	0.2316759
22.09	0.1854329
22.1	0.1868599
22.11	0.2273178
22.12	0.1831188
22.13	-0.01427241
22.14	-0.05527023
22.15	0.1286607
22.16	0.07624676
22.17	-0.07586556
22.18	-0.210468
22.19	-0.2844029
22.2	-0.1550457
22.21	-0.05692866
22.22	-0.0901743
22.23	-0.1551229
22.24	-0.078951
22.25	0.1141977
22.26	0.2134719
22.27	0.08091351
22.28	-0.03968874
22.29	-0.03548483
22.3	0.05468723
22.31	0.131052
22.32	0.06309507
22.33	-0.01141837
22.34	0.05788838
22.35	0.009254086
22.36	0.07597679
22.37	-0.01982621
22.38	-0.1926881
22.39	-0.1433211
22.4	-0.02264167
22.41	0.0694588
22.42	0.07566825
22.43	0.02279147
22.44	-0.078951
22.45	-0.008525776
22.46	-0.008757179
22.47	0.06471492
22.48	0.1097624
22.49	0.01307233
22.5	0.003931709
22.51	0.09325528
22.52	0.1228755
22.53	0.01087394
22.54	-0.3161059
22.55	-0.436091
22.56	-0.3353513
22.57	-0.205917
22.58	-0.2009803
22.59	-0.04616817
22.6	0.002504681
22.61	0.03960713
22.62	0.05295168
22.63	0.1078726
22.64	0.03875865
22.65	-0.05469171
22.66	0.09603217
22.67	0.2536212
22.68	0.3675897
22.69	0.3269004
22.7	0.04288541
22.71	-0.1077228
22.72	0.01095109
22.73	0.01893466
22.74	-0.01218974
22.75	-0.05257047
22.76	-0.2128978
22.77	-0.1753325
22.78	0.1641047
22.79	0.175868
22.8	0.00366173
22.81	-0.02433867
22.82	-0.08111082
22.83	-0.2139777
22.84	-0.150649
22.85	0.09757489
22.86	0.1613278
22.87	0.2177915
22.88	0.05237315
22.89	-0.02568855
22.9	-0.1179433
22.91	-0.2096195
22.92	-0.3361612
22.93	-0.3431421
22.94	-0.2024459
22.95	-0.03247652
22.96	0.1706613
22.97	0.1916038
22.98	0.1493718
22.99	0.08546453
23	-0.0310495
23.01	-0.09865927
23.02	-0.2806233
23.03	-0.1813106
23.04	0.009832618
23.05	0.2265078
23.06	0.426406
23.07	0.4085104
23.08	0.2075709
23.09	-0.02275738
23.1	-0.06657066
23.11	-0.1025161
23.12	-0.1563185
23.13	-0.2916923
23.14	-0.3397866
23.15	-0.1453652
23.16	0.1256139
23.17	0.2157474
23.18	0.2579794
23.19	0.26766
23.2	0.1544628
23.21	-0.02329734
23.22	-0.05164484
23.23	0.08041212
23.24	0.07327703
23.25	0.1257681
23.26	-0.02746268
23.27	-0.2102366
23.28	-0.405738
23.29	-0.332613
23.3	-0.1773381
23.31	0.02622403
23.32	0.2260065
23.33	0.2545854
23.34	0.1556969
23.35	0.001116244
23.36	-0.00297198
23.37	-0.04933075
23.38	-0.2528157
23.39	-0.3329987
23.4	-0.3593406
23.41	-0.2144791
23.42	0.05680849
23.43	0.5067817
23.44	0.5962982
23.45	0.2402766
23.46	0.1479062
23.47	0.1587438
23.48	-0.04400836
23.49	0.08893565
23.5	0.01473076
23.51	-0.1162849
23.52	-0.02106039
23.53	-0.07436141
23.54	-0.2030629
23.55	-0.2911138
23.56	-0.2470305
23.57	-0.2991359
23.58	-0.0947639
23.59	0.1596309
23.6	0.1700057
23.61	0.1778735
23.62	0.1065612
23.63	0.01758479
23.64	-0.004013319
23.65	0.1017402
23.66	0.06463779
23.67	-0.06618498
23.68	-0.1429739
23.69	-0.1294366
23.7	-0.05577161
23.71	-0.1247313
23.72	-0.06946327
23.73	0.08743151
23.74	0.1327104
23.75	0.002851795
23.76	-0.1179047
23.77	0.03243347
23.78	0.1648761
23.79	0.2419736
23.8	0.3402835
23.81	0.2514614
23.82	-0.01276825
23.83	-0.1892556
23.84	-0.1442081
23.85	0.04816923
23.86	0.1841216
23.87	0.1690029
23.88	0.0608967
23.89	-0.02268024
23.9	-0.07031177
23.91	0.03791015
23.92	0.1340602
23.93	0.03818012
23.94	-0.1502247
23.95	-0.1186761
23.96	-0.02777122
23.97	0.07767379
23.98	0.05349163
23.99	-0.05511596
24	-0.1029018
24.01	0.008984122
24.02	0.04816923
24.03	0.0667976
24.04	-0.01380959
24.05	0.05302882
24.06	-0.07077458
24.07	-0.08894012
24.08	-0.02765552
24.09	-0.005710303
24.1	0.1287764
24.11	0.2112349
24.12	0.04550805
24.13	-0.03432779
24.14	-0.1766438
24.15	-0.2513887
24.16	-0.2216913
24.17	-0.1486434
24.18	-0.008834314
24.19	0.06359645
24.2	0.09896335
24.21	0.06132094
24.22	0.102743
24.23	0.06857173
24.24	0.02479702
24.25	-0.08712743
24.26	-0.05334183
24.27	-0.09838929
24.28	-0.1018604
24.29	-0.03764464
24.3	0.0660648
24.31	0.1136578
24.32	0.1204843
24.33	-0.03320932
24.34	-0.1609467
24.35	-0.0625596
24.36	-0.02715413
24.37	0.0255298
24.38	0.07393268
24.39	-0.05862565
24.4	-0.1467922
24.41	-0.05862565
24.42	-0.1634921
24.43	-0.2179502
24.44	-0.0673806
24.45	0.008791279
24.46	0.04816923
24.47	0.06691331
24.48	-0.0442012
24.49	-0.09364542
24.5	0.01677487
24.51	0.1340988
24.52	0.1264623
24.53	0.07624676
24.54	0.05422442
24.55	0.00277466
24.56	0.003083214
24.57	0.0660648
24.58	-0.002933405
24.59	-0.09676944
24.6	-0.07490136
24.61	-0.04146287
24.62	0.1459392
24.63	0.09028555
24.64	-0.01207403
24.65	-0.06595357
24.66	-2.23036E-06
24.67	0.1157019
24.68	0.1346774
24.69	0.1049028
24.7	0.04396533
24.71	-0.1185218
24.72	-0.2334546
24.73	-0.3113234
24.74	-0.2631134
24.75	-0.1622194
24.76	-0.1067971
24.77	0.03085219
24.78	0.196579
24.79	0.2108107
24.8	0.09294673
24.81	0.08029641
24.82	-0.03544626
24.83	-0.101359
24.84	0.06263226
24.85	0.07975646
24.86	0.2072238
24.87	0.1616364
24.88	0.006091508
24.89	-0.1104225
24.9	-0.093684
24.91	-0.1759882
24.92	-0.2693228
24.93	-0.3427178
24.94	-0.1790351
24.95	0.04516094
24.96	0.2646516
24.97	0.317837
24.98	0.3463387
24.99	0.2926906
25	0.1811904
25.01	0.1583195
25.02	0.04955769
25.03	-0.1645335
25.04	-0.1936523
25.05	-0.1003563
25.06	-0.02939108
25.07	-0.09190987
25.08	-0.02615136
25.09	-0.0393802
25.1	0.02541409
25.11	-0.01728072
25.12	0.000383443
25.13	0.07667101
25.14	0.2097307
25.15	0.2882167
25.16	0.3507355
25.17	0.209885
25.18	0.1051728
25.19	-0.04435548
25.2	-0.1605995
25.21	-0.2216913
25.22	-0.2715983
25.23	-0.2671244
25.24	-0.03158946
25.25	0.2124305
25.26	0.2160559
25.27	0.07424123
25.28	-0.03131948
25.29	-0.09889069
25.3	-0.03610192
25.31	-0.01947909
25.32	-0.01531374
25.33	-0.09171702
25.34	-0.0909071
25.35	-0.08369488
25.36	-0.2552841
25.37	-0.3558309
25.38	-0.1199103
25.39	0.04091845
25.4	0.1405783
25.41	0.1199058
25.42	0.07131006
25.43	-0.04466403
25.44	-0.04967787
25.45	0.04172838
25.46	0.1782592
25.47	0.192028
25.48	0.1673059
25.49	0.0404942
25.5	-0.02858114
25.51	-0.08053229
25.52	-0.02148463
25.53	-0.13958
25.54	-0.2032172
25.55	-0.3049983
25.56	-0.3215054
25.57	-0.07571129
25.58	0.172474
25.59	0.3935074
25.6	0.504082
25.61	0.3314515
25.62	0.02124875
25.63	-0.03131948
25.64	0.07697957
25.65	0.02317714
25.66	-0.01473523
25.67	-0.07420713
25.68	-0.1128137
25.69	-0.08423482
25.7	-0.03621762
25.71	-0.1361088
25.72	-0.3086622
25.73	-0.3633903
25.74	-0.182429
25.75	0.02826813
25.76	0.1271951
25.77	0.08029641
25.78	-0.0139253
25.79	0.06297936
25.8	0.05468723
25.81	0.1151233
25.82	0.1277737
25.83	0.08997699
25.84	0.06502347
25.85	-0.1246156
25.86	-0.2426723
25.87	-0.1843189
25.88	-0.1184061
25.89	-0.121723
25.9	-0.0543446
25.91	0.005281587
25.92	-0.0215232
25.93	0.1153933
25.94	0.3231208
25.95	0.3299858
25.96	0.2538911
25.97	0.02252149
25.98	-0.1960436
25.99	-0.1452109
26	-0.04053724
26.01	0.06382785
26.02	0.141851
26.03	0.0291552
26.04	-0.1452109
26.05	-0.1613709
26.06	-0.1584397
26.07	-0.1231114
26.08	-0.02499432
26.09	-0.105293
26.1	-0.1195632
26.11	-0.000773591
26.12	0.147212
26.13	0.2587122
26.14	0.320421
26.15	0.1875155
26.16	0.04446671
26.17	0.0629408
26.18	0.0741641
26.19	0.005011609
26.2	-0.09302834
26.21	-0.06819052
26.22	-0.0601298
26.23	0.0169677
26.24	-0.007754407
26.25	0.04600943
26.26	0.1117294
26.27	0.07933221
26.28	-0.1466379
26.29	-0.2758408
26.3	-0.1849745
26.31	-0.110114
26.32	0.1093767
26.33	0.101316
26.34	0.1152391
26.35	0.01534784
26.36	0.1113437
26.37	-0.01010706
26.38	-0.1493762
26.39	-0.1417783
26.4	-0.07297296
26.41	-0.09912209
26.42	-0.1093812
26.43	-0.1195632
26.44	-0.01890057
26.45	0.1188644
26.46	0.2334501
26.47	0.2658858
26.48	0.1875155
26.49	0.03806442
26.5	-0.01550658
26.51	-0.06174966
26.52	-0.08211358
26.53	0.08288048
26.54	0.09846196
26.55	0.03123786
26.56	-0.01056988
26.57	-0.1160535
26.58	-0.2022145
26.59	-0.03560054
26.6	0.1486004
26.61	0.1496417
26.62	0.1117294
26.63	0.0420755
26.64	-0.1639935
26.65	-0.2146334
26.66	-0.1791508
26.67	-0.1663076
26.68	-0.07297296
26.69	0.00096196
26.7	-0.07733115
26.71	-0.008255797
26.72	0.1830031
26.73	0.2833957
26.74	0.2200284
26.75	0.1758294
26.76	0.2142432
26.77	0.2587893
26.78	0.1334432
26.79	-0.02430009
26.8	-0.1052158
26.81	-0.1905283
26.82	-0.2193001
26.83	-0.1067586
26.84	-0.1002791
26.85	0.008405591
26.86	-0.05931987
26.87	-0.06784341
26.88	-0.04732522
26.89	0.03922145
26.9	0.07987216
26.91	0.1168589
26.92	0.06205373
26.93	0.02329287
26.94	0.09159685
26.95	0.1784521
26.96	0.1465563
26.97	0.1095695
26.98	-0.05577161
26.99	-0.2532785
27	-0.1424726
27.01	-0.01670219
27.02	0.01280235
27.03	0.09699637
27.04	0.01442221
27.05	-0.05399748
27.06	-0.02052043
27.07	-0.03039385
27.08	-0.03027814
27.09	0.01442221
27.1	0.07312276
27.11	0.1093767
27.12	0.03891292
27.13	-0.08292351
27.14	-0.07065887
27.15	-0.1349904
27.16	-0.1179433
27.17	-0.1086098
27.18	-0.1260811
27.19	-0.06124827
27.2	-0.000735032
27.21	-0.06522078
27.22	-0.02796406
27.23	-0.00717589
27.24	0.06201517
27.25	0.009794043
27.26	-0.04701667
27.27	-0.03903309
27.28	0.01129819
27.29	0.04276972
27.3	0.1393826
27.31	0.07871511
27.32	-0.1657291
27.33	-0.2227712
27.34	-0.04331414
27.35	0.07277565
27.36	0.1694271
27.37	0.1091839
27.38	-0.09626805
27.39	-0.2311405
27.4	-0.1499933
27.41	-0.09241125
27.42	0.02117161
27.43	0.1819232
27.44	0.2550096
27.45	-0.0151209
27.46	-0.2529314
27.47	-0.2641547
27.48	-0.2533171
27.49	-0.007214457
27.5	0.2791532
27.51	0.4013753
27.52	0.2143589
27.53	0.005204452
27.54	-0.1293209
27.55	-0.1405056
27.56	-0.01033848
27.57	0.143548
27.58	0.1296635
27.59	0.0349404
27.6	0.05310595
27.61	-0.006481664
27.62	-0.0413086
27.63	-0.07686833
27.64	-0.03216797
27.65	-0.04597534
27.66	0.02896236
27.67	0.04840065
27.68	0.04315539
27.69	0.02591549
27.7	-0.1081856
27.71	-0.2588709
27.72	-0.2839401
27.73	-0.1273925
27.74	-0.06132541
27.75	-0.01751213
27.76	-0.08018517
27.77	-0.07058174
27.78	0.0582355
27.79	0.1227213
27.8	0.1214485
27.81	0.1814604
27.82	0.07204286
27.83	0.08793289
27.84	0.1395755
27.85	0.1447436
27.86	-0.03556197
27.87	-0.09214128
27.88	-0.1130837
27.89	-0.07671405
27.9	-0.02268024
27.91	0.1872456
27.92	0.2148217
27.93	0.1668431
27.94	0.2740237
27.95	0.2848998
27.96	0.1605951
27.97	0.1226056
27.98	-0.1109625
27.99	-0.2970533
28	-0.3725695
28.01	-0.3228167
28.02	-0.1191389
28.03	0.1211785
28.04	0.159168
28.05	0.1816918
28.06	0.1207543
28.07	-0.002084909
28.08	-0.04732522
28.09	-0.085469
28.1	-0.1397728
28.11	-0.228325
28.12	-0.2721383
28.13	-0.08423482
28.14	0.1864742
28.15	0.347033
28.16	0.3398979
28.17	0.1653389
28.18	-0.03849313
28.19	-0.0543446
28.2	-0.07879673
28.21	-0.2184516
28.22	-0.3192299
28.23	-0.1903741
28.24	-0.09217984
28.25	0.1033987
28.26	0.1613278
28.27	0.1028973
28.28	0.02703395
28.29	-0.008332931
28.3	0.02121019
28.31	0.075244
28.32	0.06579484
28.33	0.03555749
28.34	0.000537712
28.35	0.03474757
28.36	0.0987705
28.37	0.0660648
28.38	-0.01944053
28.39	0.005782969
28.4	-0.05341897
28.41	-0.09063712
28.42	-0.01689504
28.43	0.08338185
28.44	0.04365677
28.45	0.04404246
28.46	0.004278807
28.47	-0.01847633
28.48	0.03177782
28.49	-0.02672988
28.5	-0.1145493
28.51	-0.07073602
28.52	-0.04150145
28.53	0.07960218
28.54	0.06078098
28.55	-0.009991356
28.56	-0.127971
28.57	-0.153773
28.58	-0.1914925
28.59	-0.001313549
28.6	-0.02032759
28.61	-0.03830029
28.62	0.01928178
28.63	0.1731683
28.64	0.1762151
28.65	0.1330575
28.66	-0.01762783
28.67	-0.1189461
28.68	-0.1486049
28.69	-0.05407463
28.7	0.02556838
28.71	0.1703528
28.72	0.1805733
28.73	0.1295864
28.74	0.03497898
28.75	0.04859348
28.76	0.004047403
28.77	-0.1511118
28.78	-0.09029
28.79	-0.07073602
28.8	-0.05881849
28.81	-0.04755662
28.82	0.04026279
28.83	0.1092996
28.84	0.1949977
28.85	0.03281916
28.86	-0.04200283
28.87	-0.06514365
28.88	-0.04971643
28.89	-0.02942965
28.9	0.06093525
28.91	0.02460417
28.92	0.03150784
28.93	0.06930451
28.94	0.1887883
28.95	0.2167116
28.96	0.003121773
28.97	-0.1929581
28.98	-0.1939609
28.99	0.05356876
29	0.09013126
29.01	0.1285836
29.02	0.02502842
29.03	-0.1654591
29.04	-0.2285179
29.05	-0.1039045
29.06	-0.09931493
29.07	-0.06564503
29.08	-0.01431098
29.09	0.08546453
29.1	0.1580496
29.11	0.1037844
29.12	-0.07860389
29.13	-0.2020602
29.14	-0.2456035
29.15	-0.1910297
29.16	-0.03185943
29.17	0.06525488
29.18	0.08091351
29.19	0.08581165
29.2	0.00747996
29.21	0.06737612
29.22	0.1051728
29.23	0.0833433
29.24	-0.04007442
29.25	-0.005286055
29.26	0.06853317
29.27	0.06483063
29.28	0.09946473
29.29	0.1010846
29.3	-0.03965018
29.31	-0.1039431
29.32	-0.2026001
29.33	-0.2646175
29.34	-0.1361474
29.35	0.01928178
29.36	0.150066
29.37	0.182656
29.38	0.1770636
29.39	0.06348075
29.4	-0.08620179
29.41	-0.1685446
29.42	-0.1619109
29.43	-0.08176647
29.44	0.06039531
29.45	0.0864673
29.46	-0.04705524
29.47	-0.1764896
29.48	-0.2128207
29.49	-0.129938
29.5	-0.01573799
29.51	-0.01022277
29.52	-0.01419527
29.53	-0.05461457
29.54	0.01106679
29.55	0.0860045
29.56	0.09796058
29.57	0.02259864
29.58	-0.03741324
29.59	0.009254086
29.6	0.1347545
29.61	0.2123534
29.62	0.1498346
29.63	-0.01056988
29.64	-0.13877
29.65	-0.103326
29.66	-0.06136398
29.67	-0.1647649
29.68	-0.2189144
29.69	-0.1725942
29.7	-0.05403605
29.71	0.06822462
29.72	0.1552727
29.73	0.258905
29.74	0.2626461
29.75	0.2906079
29.76	0.2390425
29.77	0.1171675
29.78	0.006284351
29.79	-0.05430603
29.8	-0.07004179
29.81	-0.08203645
29.82	-0.1130066
29.83	-0.1747926
29.84	-0.239394
29.85	-0.2600665
29.86	-0.1658834
29.87	0.03590461
29.88	0.1156633
29.89	0.1548484
29.9	0.1262695
29.91	0.1675373
29.92	0.188364
29.93	0.141581
29.94	0.05985536
29.95	-0.08273067
29.96	-0.1065271
29.97	-0.00482324
29.98	0.008097052
29.99	-0.04570536
30	-0.0665321
30.01	-0.145018
30.02	-0.0921027
30.03	-0.03205227
30.04	-0.1011276
30.05	-0.2074597
30.06	-0.1764896
30.07	-0.0344435
30.08	0.1620221
30.09	0.2302489
30.1	0.2008601
30.11	0.1947278
30.12	0.1722812
30.13	0.1462477
30.14	0.06625765
30.15	-0.09885211
30.16	-0.2160604
30.17	-0.2376585
30.18	-0.1635307
30.19	-0.03027814
30.2	0.1904467
30.21	0.1542699
30.22	0.1570854
30.23	0.09325528
30.24	0.1043243
30.25	0.07069297
30.26	0.1436251
30.27	0.1340217
30.28	0.02205868
30.29	0.05842834
30.3	0.09992755
30.31	0.08288048
30.32	0.08951417
30.33	-0.119756
30.34	-0.2697085
30.35	-0.325825
30.36	-0.2336088
30.37	-0.1116953
30.38	7.49042E-05
30.39	0.03852723
30.4	0.1010846
30.41	0.1291235
30.42	0.1169746
30.43	0.02984943
30.44	-0.008911456
30.45	-0.02588139
30.46	0.04662652
30.47	0.06058815
30.48	-0.02387585
30.49	-0.1899884
30.5	-0.2017902
30.51	-0.160021
30.52	-0.1766824
30.53	-0.08492905
30.54	0.01222383
30.55	0.07651674
30.56	0.1859728
30.57	0.2857483
30.58	0.3029111
30.59	0.196579
30.6	-0.008062953
30.61	-0.1673489
30.62	-0.2235811
30.63	-0.1891013
30.64	-0.1380758
30.65	-0.07567272
30.66	-0.08384914
30.67	-0.1728256
30.68	0.002928929
30.69	0.1470191
30.7	0.1270409
30.71	0.02013027
30.72	-0.002547717
30.73	-0.04489542
30.74	0.04350251
30.75	0.09136544
30.76	-0.02977676
30.77	-0.05746861
30.78	-0.03436636
30.79	0.05002051
30.8	0.1530357
30.81	0.09198252
30.82	-0.05881849
30.83	-0.1134308
30.84	-0.168776
30.85	-0.1046373
30.86	0.03135357
30.87	-0.01176549
30.88	-0.03930306
30.89	0.05221888
30.9	-0.004746105
30.91	0.0987705
30.92	0.08585021
30.93	0.01947462
30.94	-0.01658649
30.95	0.06471492
30.96	0.08311188
30.97	0.06891884
30.98	0.04612513
30.99	0.01241666
31	-0.02858114
31.01	-0.1304008
31.02	-0.1158992
31.03	-0.09619091
31.04	-0.02032759
31.05	0.04296255
31.06	0.01422936
31.07	0.03756302
31.08	0.04261545
31.09	0.05032905
31.1	0.1506445
31.11	0.06637336
31.12	-0.03830029
31.13	-0.09777221
31.14	-0.05488455
31.15	-0.07081316
31.16	-0.03552339
31.17	-0.1259269
31.18	-0.1233428
31.19	-0.04454832
31.2	0.06070385
31.21	0.1258067
31.22	0.07343132
31.23	-0.0458982
31.24	-0.1040974
31.25	-0.1012433
31.26	-0.05928131
31.27	0.002388987
31.28	0.1185945
31.29	0.1374542
31.3	-0.002084909
31.31	-0.1334091
31.32	-0.1143179
31.33	-0.003743341
31.34	0.09626357
31.35	0.1195201
31.36	0.03791015
31.37	0.02564551
31.38	0.1036301
31.39	0.1521101
31.4	0.08689155
31.41	0.02965658
31.42	-0.02858114
31.43	-0.04481829
31.44	-0.1103454
31.45	-0.1247698
31.46	-0.1651506
31.47	-0.0504878
31.48	0.02329287
31.49	0.04141983
31.5	-0.000195074
31.51	-0.003704766
31.52	0.01021829
31.53	0.1135806
31.54	0.05781125
31.55	0.0403785
31.56	0.06494633
31.57	0.05137039
31.58	0.01692914
31.59	-0.02252597
31.6	-0.0957281
31.61	-0.1383072
31.62	-0.09700085
31.63	-0.04882936
31.64	0.003198908
31.65	0.000190599
31.66	0.06834033
31.67	0.06085812
31.68	0.09487513
31.69	0.06267082
31.7	0.1173989
31.71	0.03744733
31.72	-0.000966435
31.73	-0.06163396
31.74	-0.0760584
31.75	0.02244436
31.76	0.1207929
31.77	0.1459392
31.78	0.1340988
31.79	0.04111129
31.8	-0.1403513
31.81	-0.1958893
31.82	-0.2781935
31.83	-0.202523
31.84	-0.1375358
31.85	-0.06811338
31.86	-0.04574392
31.87	0.06957449
31.88	0.1405783
31.89	0.1195587
31.9	0.08500172
31.91	0.06903454
31.92	0.05468723
31.93	0.04836207
31.94	0.05488008
31.95	0.00655433
31.96	-0.0760584
31.97	-0.08091798
31.98	-0.04288989
31.99	-0.02445437
32	-0.0683448
32.01	-0.1867101
32.02	-0.1001634
32.03	0.05916113
32.04	0.1365286
32.05	0.1859728
32.06	0.2341058
32.07	0.2378854
32.08	0.1295092
32.09	0.02522126
32.1	-0.06950183
32.11	-0.09298977
32.12	-0.1450952
32.13	-0.1142793
32.14	-0.1639935
32.15	-0.1850902
32.16	-0.1297451
32.17	0.06737612
32.18	0.0959936
32.19	0.1187873
32.2	0.09996611
32.21	0.01152961
32.22	-0.1436682
32.23	-0.1786494
32.24	-0.1414698
32.25	-0.06225105
32.26	0.007942783
32.27	0.1472891
32.28	0.04562375
32.29	0.01962889
32.3	0.09294673
32.31	0.1420824
32.32	0.02657114
32.33	0.00474163
32.34	-0.07536417
32.35	-0.0630224
32.36	-0.02962249
32.37	-0.03035529
32.38	-0.01982621
32.39	0.06240084
32.4	0.1043629
32.41	0.1902925
32.42	0.135063
32.43	-0.04767232
32.44	-0.1217615
32.45	-0.111541
32.46	-0.004167588
32.47	0.04697362
32.48	0.03764017
32.49	-0.008448634
32.5	-0.03556197
32.51	-0.04366125
32.52	-0.04929219
32.53	-0.0711217
32.54	-0.0619425
32.55	0.0056287
32.56	0.1020488
32.57	0.07690241
32.58	0.02448846
32.59	0.07574538
32.6	0.06571769
32.61	0.03721592
32.62	0.04126556
32.63	-0.05106631
32.64	-0.1436682
32.65	-0.1587097
32.66	-0.08469765
32.67	0.01851042
32.68	0.0499048
32.69	0.05090758
32.7	0.1090296
32.71	0.1199829
32.72	0.1118451
32.73	0.1048257
32.74	0.02487415
32.75	0.02942518
32.76	-0.08496761
32.77	-0.1478721
32.78	-0.1432053
32.79	-0.1747926
32.8	-0.1780323
32.81	-0.1103454
32.82	-0.02966106
32.83	0.03733162
32.84	0.04080275
32.85	0.09668782
32.86	0.1474819
32.87	0.09499084
32.88	-0.02993103
32.89	-0.05218479
32.9	-0.1065271
32.91	-0.1251169
32.92	-0.01442668
32.93	0.04485239
32.94	0.08326614
32.95	0.07647817
32.96	0.1120765
32.97	0.06918882
32.98	0.07798233
32.99	-0.03641047
33	-0.1105768
33.01	-0.07783253
33.02	-0.04038297
33.03	-0.000966435
33.04	0.04265401
33.05	0.02024598
33.06	0.04635654
33.07	-0.004861815
33.08	-0.04327557
33.09	-0.08330919
33.1	-0.06915472
33.11	-0.03047099
33.12	0.07732668
33.13	0.09796058
33.14	0.1205229
33.15	0.05395444
33.16	-0.02430009
33.17	-0.1387315
33.18	-0.1124666
33.19	-0.08269211
33.2	0.007055712
33.21	0.1274651
33.22	0.1364129
33.23	0.06529344
33.24	0.04030135
33.25	0.0423069
33.26	0.0788694
33.27	0.03644455
33.28	-0.01022277
33.29	-0.01261398
33.3	-0.07062031
33.31	-0.09441679
33.32	0.006747174
33.33	0.01600349
33.34	0.08338185
33.35	0.08932134
33.36	0.03031224
33.37	-0.08816876
33.38	-0.148952
33.39	-0.08415769
33.4	0.1216028
33.41	0.2392353
33.42	0.1847387
33.43	0.05237315
33.44	-0.1170948
33.45	-0.148952
33.46	-0.1270839
33.47	-0.1088798
33.48	-0.06819052
33.49	0.02271434
33.5	0.03733162
33.51	0.09445087
33.52	0.07366272
33.53	0.1092224
33.54	0.05634566
33.55	0.01206957
33.56	0.05133183
33.57	0.06722185
33.58	-0.003396227
33.59	-0.05218479
33.6	-0.1009734
33.61	-0.128858
33.62	-0.1418169
33.63	-0.1587097
33.64	-0.1444781
33.65	-0.08049372
33.66	0.0140751
33.67	0.1160876
33.68	0.1811904
33.69	0.1800719
33.7	0.05838977
33.71	-0.02861972
33.72	-0.07625124
33.73	-0.07729258
33.74	-0.1316349
33.75	-0.09653803
33.76	-0.06209677
33.77	0.007981343
33.78	0.0289238
33.79	0.04010852
33.8	0.02398708
33.81	0.01415223
33.82	0.008752704
33.83	-0.02183174
33.84	-0.05330326
33.85	-0.09811932
33.86	-0.07559559
33.87	-0.02630564
33.88	0.02684112
33.89	0.02680254
33.9	0.02205868
33.91	0.001347648
33.92	0.006747174
33.93	0.03497898
33.94	0.08129919
33.95	0.07794377
33.96	0.03162355
33.97	0.04492952
33.98	0.02614689
33.99	0.0009234
34	0.04381106
34.01	0.06714472
34.02	0.02406421
34.03	-0.02055901
34.04	-0.02383729
34.05	-0.005903147
34.06	0.005898663
34.07	0.1093382
34.08	0.09051695
34.09	0.02043883
34.1	0.04489096
34.11	-0.02036616
34.12	-0.01955623
34.13	-0.002046335
34.14	0.05761841
34.15	0.03428475
34.16	0.02144159
34.17	-0.07181592
34.18	-0.1109625
34.19	-0.1570898
34.2	-0.08674175
34.21	-0.04377695
34.22	0.02394852
34.23	0.01179959
34.24	-0.01188119
34.25	0.03085219
34.26	0.03852723
34.27	0.04805354
34.28	0.06548628
34.29	0.01665916
34.3	0.01465361
34.31	0.07844515
34.32	0.0129952
34.33	-0.02746268
34.34	-0.07910528
34.35	-0.02244883
34.36	-0.05021782
34.37	-0.01920911
34.38	0.01785477
34.39	0.02541409
34.4	-0.04173285
34.41	-0.1369573
34.42	-0.1848974
34.43	-0.09013574
34.44	0.06826319
34.45	0.1435094
34.46	0.07555254
34.47	0.05457154
34.48	0.07983359
34.49	0.1163575
34.5	0.08492457
34.51	0.05410872
34.52	-0.09167846
34.53	-0.09171702
34.54	-0.002702001
34.55	-0.01396386
34.56	-0.07682976
34.57	-0.1356846
34.58	-0.1017833
34.59	-0.06768913
34.6	-0.001622087
34.61	0.06633478
34.62	0.1166275
34.63	0.1516087
34.64	0.1832345
34.65	0.1023573
34.66	-0.03263079
34.67	-0.07173878
34.68	-0.06340808
34.69	-0.07686833
34.7	-0.02819546
34.71	0.008174187
34.72	0.01449934
34.73	-0.04871367
34.74	-0.0637552
34.75	-0.02059757
34.76	0.03293487
34.77	0.08257192
34.78	0.1118836
34.79	0.03659883
34.8	0.0205931
34.81	0.05245028
34.82	0.0472436
34.83	0.02448846
34.84	-0.04720952
34.85	-0.08261497
34.86	-0.1014747
34.87	-0.0777554
34.88	-0.1110396
34.89	-0.1091883
34.9	-0.004090439
34.91	0.04396533
34.92	0.1382256
34.93	0.2179457
34.94	0.0933324
34.95	0.002504681
34.96	-0.05172197
34.97	-0.1274696
34.98	-0.09769507
34.99	0.02051596
35	0.03127644
35.01	0.04176694
35.02	-0.007407302
35.03	0.04481382
35.04	0.009254086
35.05	-0.008332931
35.06	-0.0328622
35.07	0.04130413
35.08	0.05025191
35.09	0.1039001
35.1	3.63295E-05
35.11	-0.12342
35.12	-0.1250012
35.13	-0.04096149
35.14	-0.01357818
35.15	0.05719416
35.16	0.0158878
35.17	0.003006064
35.18	-0.02865829
35.19	-0.1196403
35.2	-0.1204116
35.21	-0.05939701
35.22	-0.04755662
35.23	0.0274582
35.24	0.04554661
35.25	-0.000272209
35.26	0.01164532
35.27	0.09375665
35.28	0.06714472
35.29	0.04782213
35.3	-0.01234401
35.31	-0.01249828
35.32	0.01245524
35.33	0.1120765
35.34	0.08392181
35.35	0.003854559
35.36	-0.08226786
35.37	-0.1048687
35.38	-0.08843874
35.39	-0.06888475
35.4	-0.07744685
35.41	-0.06232818
35.42	-0.05681295
35.43	-0.05284045
35.44	-0.009914221
35.45	0.05457154
35.46	0.07080868
35.47	0.07181144
35.48	0.002928929
35.49	0.005821544
35.5	-0.02082898
35.51	-0.04100006
35.52	-0.002547717
35.53	-0.005517459
35.54	-0.04146287
35.55	-0.1184832
35.56	-0.1277396
35.57	-0.1031332
35.58	0.03374479
35.59	0.1113437
35.6	0.1081425
35.61	0.06448352
35.62	0.07879227
35.63	0.08156916
35.64	0.05326022
35.65	0.00759567
35.66	-0.08415769
35.67	-0.1351061
35.68	-0.07297296
35.69	-0.01377102
35.7	0.03027368
35.71	0.01854899
35.72	-0.03907166
35.73	-0.02260311
35.74	0.01812474
35.75	0.01773906
35.76	0.02279147
35.77	0.04890203
35.78	0.01476932
35.79	-0.05746861
35.8	-0.08030088
35.81	-0.06730345
35.82	-0.03239939
35.83	-0.005016084
35.84	-0.04813515
35.85	-0.02973819
35.86	-0.005903147
35.87	0.0141908
35.88	0.02896236
35.89	0.04130413
35.9	0.02267578
35.91	0.06502347
35.92	0.0705387
35.93	0.01272522
35.94	0.01932035
35.95	0.04126556
35.96	0.0584669
35.97	0.1173989
35.98	0.1250739
35.99	0.1457078
36	0.09360239
36.01	0.041227
36.02	-0.03236082
36.03	-0.09511102
36.04	-0.1124666
36.05	-0.08886298
36.06	-0.08284637
36.07	-0.06772771
36.08	-0.03398067
36.09	-0.01037704
36.1	0.05264313
36.11	-0.02784836
36.12	-0.04809657
36.13	0.00848274
36.14	0.04053277
36.15	0.07011445
36.16	0.03058221
36.17	-0.04385409
36.18	0.01800904
36.19	0.1071398
36.2	0.1287764
36.21	0.07277565
36.22	-0.03984302
36.23	-0.1393486
36.24	-0.1681589
36.25	-0.1385772
36.26	-0.03621762
36.27	0.06375073
36.28	0.09263819
36.29	0.1135035
36.3	0.1840444
36.31	0.1469034
36.32	0.09205967
36.33	0.05457154
36.34	-0.002740561
36.35	-0.07779396
36.36	-0.04127003
36.37	-0.000349344
36.38	-0.001660662
36.39	-0.05492312
36.4	-0.08774451
36.41	-0.02618994
36.42	0.03509467
36.43	0.1005446
36.44	0.08002644
36.45	0.000190599
36.46	-0.04362269
36.47	-0.038416
36.48	-0.0597827
36.49	-0.03683471
36.5	0.02560694
36.51	0.07042299
36.52	0.0838061
36.53	0.1157404
36.54	0.07775093
36.55	0.005011609
36.56	-0.007715847
36.57	-0.01870774
36.58	-0.014041
36.59	-0.05318755
36.6	-0.06938613
36.61	-0.0684605
36.62	-0.06857621
36.63	-0.01265255
36.64	0.09267674
36.65	0.068726
36.66	0.0284224
36.67	-0.06336952
36.68	-0.1170177
36.69	-0.03621762
36.7	0.00474163
36.71	-0.002894845
36.72	0.03316628
36.73	0.03123786
36.74	-0.004746105
36.75	0.04620228
36.76	0.09113402
36.77	0.06093525
36.78	-0.01496663
36.79	-0.07671405
36.8	-0.1297451
36.81	-0.1970463
36.82	-0.1581312
36.83	-0.08176647
36.84	-0.03490631
36.85	0.01280235
36.86	0.00956264
36.87	-0.04265849
36.88	-0.02329734
36.89	-0.01465809
36.9	-0.009489973
36.91	0.06706758
36.92	0.1731297
36.93	0.2162488
36.94	0.1553884
36.95	0.05723273
36.96	-0.0549617
36.97	-0.1041359
36.98	-0.09831216
36.99	-0.06437229
37	-0.09422395
37.01	-0.0646037
37.02	-0.04678526
37.03	0.02101734
37.04	0.07370128
37.05	0.04639511
37.06	-0.01033848
37.07	-0.06221248
37.08	-0.02414583
37.09	0.037833
37.1	0.06382785
37.11	0.03297343
37.12	-0.04065294
37.13	-0.1406599
37.14	-0.1280481
37.15	-0.07976093
37.16	0.002003299
37.17	0.03540322
37.18	0.04188265
37.19	0.1000818
37.2	0.1830416
37.21	0.190871
37.22	0.1073712
37.23	0.03077506
37.24	-0.09838929
37.25	-0.1743683
37.26	-0.1213373
37.27	-0.02642134
37.28	0.0741641
37.29	0.1855486
37.3	0.1889426
37.31	0.1004289
37.32	0.00763423
37.33	-0.1165548
37.34	-0.1958507
37.35	-0.2289035
37.36	-0.1912997
37.37	-0.1135851
37.38	-0.0563887
37.39	-0.08689602
37.4	-0.09433965
37.41	-0.05457601
37.42	0.06949736
37.43	0.2184471
37.44	0.2147832
37.45	0.1228369
37.46	0.1096852
37.47	0.07543684
37.48	0.04735931
37.49	0.01357371
37.5	-0.1170948
37.51	-0.2054542
37.52	-0.2006332
37.53	-0.02657562
37.54	0.08072066
37.55	0.151763
37.56	0.1768322
37.57	0.1501431
37.58	0.1075255
37.59	0.02209724
37.6	-0.02098325
37.61	-0.04265849
37.62	-0.05006355
37.63	0.01519357
37.64	0.007749939
37.65	-0.04134717
37.66	-0.05226192
37.67	-0.07956809
37.68	-0.09329831
37.69	-0.04620675
37.7	-0.03668044
37.71	-0.02854259
37.72	0.02822957
37.73	0.02849955
37.74	0.006747174
37.75	-0.002740561
37.76	-0.05291758
37.77	-0.09966204
37.78	-0.08940294
37.79	-0.009605675
37.8	0.04874776
37.81	0.03081362
37.82	0.02576122
37.83	0.03262632
37.84	0.06486921
37.85	0.03343625
37.86	0.01052684
37.87	-0.03166659
37.88	-0.04069152
37.89	-0.01469666
37.9	0.03251062
37.91	0.05237315
37.92	0.03440044
37.93	0.05067616
37.94	0.05102327
37.95	0.04184408
37.96	0.007557095
37.97	-0.05619587
37.98	-0.08041659
37.99	-0.07212447
38	-0.07393716
38.01	-0.06329238
38.02	0.03551892
38.03	0.07917794
38.04	0.03887434
38.05	0.02579978
38.06	0.04836207
38.07	0.08511743
38.08	0.08635159
38.09	0.1042086
38.1	0.07185002
38.11	-0.01438811
38.12	-0.06502795
38.13	-0.1148964
38.14	-0.1331391
38.15	-0.1120809
38.16	-0.0740143
38.17	-0.03787604
38.18	-0.009605675
38.19	-0.000233649
38.2	-0.02013476
38.21	-0.03035529
38.22	-0.05064207
38.23	-0.08508332
38.24	-0.02719271
38.25	0.03443902
38.26	0.06980591
38.27	0.09340955
38.28	0.1521872
38.29	0.1061756
38.3	-0.04258134
38.31	-0.08111082
38.32	-0.08215216
38.33	-0.06275243
38.34	-0.01334678
38.35	0.04076417
38.36	0.0490563
38.37	0.02498984
38.38	0.01179959
38.39	-0.02121466
38.4	-0.02379871
38.41	-0.009335704
38.42	-0.000889301
38.43	-0.01315393
38.44	-0.02183174
38.45	-0.004437567
38.46	0.01102823
38.47	0.01334231
38.48	0.001231938
38.49	-0.067612
38.5	-0.09842787
38.51	-0.0825764
38.52	-0.1045987
38.53	-0.1231114
38.54	-0.124847
38.55	0.00377744
38.56	0.1004289
38.57	0.1826946
38.58	0.1921437
38.59	0.1297021
38.6	0.04751358
38.61	0.02321572
38.62	0.01206957
38.63	0.006747174
38.64	0.02475844
38.65	0.0420755
38.66	-0.01458095
38.67	-0.03525342
38.68	-0.03706612
38.69	-0.05673582
38.7	-0.02480148
38.71	0.02225151
38.72	-0.002470597
38.73	0.02564551
38.74	-0.008487208
38.75	0.01376654
38.76	0.04739789
38.77	0.03270345
38.78	0.013458
38.79	-0.01446525
38.8	-0.04061438
38.81	-0.0486751
38.82	-0.06587644
38.83	-0.08481335
38.84	-0.0825764
38.85	-0.06201964
38.86	-0.031898
38.87	0.0198603
38.88	0.1081425
38.89	0.1436251
38.9	0.1737082
38.91	0.1432009
38.92	0.07265994
38.93	0.005358722
38.94	-0.05615729
38.95	-0.09607521
38.96	-0.07139167
38.97	-0.02086754
38.98	-0.01326964
38.99	-0.06371663
39	-0.09711655
39.01	-0.08118794
39.02	-0.02171604
39.03	0.05299024
39.04	0.05881402
39.05	0.06756896
39.06	0.08870425
39.07	0.0875472
39.08	0.03285772
39.09	0.03054365
39.1	-0.005594601
39.11	-0.02915967
39.12	0.003314617
39.13	0.07370128
39.14	0.07412552
39.15	0.06382785
39.16	0.0401471
39.17	-0.03236082
39.18	-0.09094566
39.19	-0.05218479
39.2	0.02051596
39.21	0.03478613
39.22	0.04577803
39.23	0.08824142
39.24	0.1067155
39.25	0.0980377
39.26	0.08986128
39.27	0.06621909
39.28	-0.01782067
39.29	-0.08874728
39.3	-0.1017061
39.31	-0.09098423
39.32	-0.0550774
39.33	-0.02229456
39.34	-0.05287901
39.35	-0.09036714
39.36	-0.1074528
39.37	-0.0609783
39.38	-0.05118202
39.39	0.006670039
39.4	0.09815342
39.41	0.1515701
39.42	0.1533443
39.43	0.1575482
39.44	0.08129919
39.45	0.01565639
39.46	-0.1045987
39.47	-0.1925339
39.48	-0.20368
39.49	-0.08735884
39.5	0.000306308
39.51	0.03050508
39.52	0.02938661
39.53	0.04226832
39.54	0.02900093
39.55	0.03513324
39.56	0.06456066
39.57	0.06525488
39.58	0.03609745
39.59	0.03895148
39.6	0.06047245
39.61	0.01989887
39.62	-0.03239939
39.63	-0.08882442
39.64	-0.07343577
39.65	-0.08508332
39.66	-0.048058
39.67	-0.01485093
39.68	-0.03459776
39.69	-0.01191976
39.7	0.04635654
39.71	0.05580571
39.72	0.08349756
39.73	0.09329384
39.74	0.03193209
39.75	0.01044969
39.76	-0.02133036
39.77	-0.004321858
39.78	-0.0072916
39.79	-0.03837743
39.8	-0.02599709
39.81	-0.02241026
39.82	0.006708599
39.83	0.05214175
39.84	-0.005671735
39.85	-0.03972731
39.86	-0.008680045
39.87	-0.01689504
39.88	-0.03594764
39.89	-0.05673582
39.9	-0.08057086
39.91	-0.07420713
39.92	-0.02541857
39.93	0.0300037
39.94	0.008058477
39.95	-0.000465053
39.96	0.01068111
39.97	0.01577209
39.98	0.008675569
39.99	-0.005401757
40	-0.03968874
