0	0.0000E+00
0.01	0.0000E+00
0.02	0.0000E+00
0.03	0.0000E+00
0.04	0.0000E+00
0.05	0.0000E+00
0.06	0.0000E+00
0.07	0.0000E+00
0.08	0.0000E+00
0.09	0.0000E+00
0.1	0.0000E+00
0.11	0.0000E+00
0.12	0.0000E+00
0.13	0.0000E+00
0.14	-8.0914E-24
0.15	2.1545E-22
0.16	-5.6816E-21
0.17	1.0396E-19
0.18	-9.1157E-19
0.19	-5.6467E-18
0.2	2.0842E-16
0.21	-4.0715E-16
0.22	-1.9735E-15
0.23	2.6591E-15
0.24	-8.3897E-15
0.25	2.9114E-14
0.26	-5.2700E-14
0.27	-7.9658E-13
0.28	-1.5358E-12
0.29	-1.2818E-12
0.3	-9.2242E-13
0.31	-4.6503E-12
0.32	-1.4707E-11
0.33	-3.3251E-12
0.34	5.2920E-11
0.35	4.9250E-11
0.36	-1.3549E-10
0.37	-3.0129E-10
0.38	-9.2252E-12
0.39	8.7057E-10
0.4	1.7126E-09
0.41	5.4279E-10
0.42	-7.4475E-09
0.43	-3.1564E-08
0.44	-8.4300E-08
0.45	-1.7357E-07
0.46	-2.8981E-07
0.47	-3.9757E-07
0.48	-4.4400E-07
0.49	-3.8712E-07
0.5	-2.3396E-07
0.51	-7.5282E-08
0.52	-1.0553E-07
0.53	-6.1611E-07
0.54	-1.9546E-06
0.55	-4.4549E-06
0.56	-8.3546E-06
0.57	-1.3724E-05
0.58	-2.0446E-05
0.59	-2.8295E-05
0.6	-3.7133E-05
0.61	-4.7198E-05
0.62	-5.9397E-05
0.63	-7.5512E-05
0.64	-9.8251E-05
0.65	-1.3102E-04
0.66	-1.7743E-04
0.67	-2.4051E-04
0.68	-3.2202E-04
0.69	-4.2186E-04
0.7	-5.3780E-04
0.71	-6.6568E-04
0.72	-8.0011E-04
0.73	-9.3551E-04
0.74	-1.0671E-03
0.75	-1.1916E-03
0.76	-1.3078E-03
0.77	-1.4166E-03
0.78	-1.5204E-03
0.79	-1.6226E-03
0.8	-1.7270E-03
0.81	-1.8373E-03
0.82	-1.9564E-03
0.83	-2.0866E-03
0.84	-2.2291E-03
0.85	-2.3842E-03
0.86	-2.5507E-03
0.87	-2.7263E-03
0.88	-2.9073E-03
0.89	-3.0897E-03
0.9	-3.2694E-03
0.91	-3.4431E-03
0.92	-3.6085E-03
0.93	-3.7653E-03
0.94	-3.9145E-03
0.95	-4.0578E-03
0.96	-4.1971E-03
0.97	-4.3341E-03
0.98	-4.4701E-03
0.99	-4.6054E-03
1	-4.7400E-03
1.01	-4.8737E-03
1.02	-5.0059E-03
1.03	-5.1346E-03
1.04	-5.2569E-03
1.05	-5.3689E-03
1.06	-5.4663E-03
1.07	-5.5447E-03
1.08	-5.6015E-03
1.09	-5.6367E-03
1.1	-5.6534E-03
1.11	-5.6567E-03
1.12	-5.6528E-03
1.13	-5.6486E-03
1.14	-5.6491E-03
1.15	-5.6568E-03
1.16	-5.6718E-03
1.17	-5.6927E-03
1.18	-5.7172E-03
1.19	-5.7420E-03
1.2	-5.7637E-03
1.21	-5.7797E-03
1.22	-5.7867E-03
1.23	-5.7806E-03
1.24	-5.7571E-03
1.25	-5.7125E-03
1.26	-5.6441E-03
1.27	-5.5502E-03
1.28	-5.4317E-03
1.29	-5.2926E-03
1.3	-5.1388E-03
1.31	-4.9769E-03
1.32	-4.8137E-03
1.33	-4.6561E-03
1.34	-4.5087E-03
1.35	-4.3734E-03
1.36	-4.2504E-03
1.37	-4.1386E-03
1.38	-4.0353E-03
1.39	-3.9366E-03
1.4	-3.8386E-03
1.41	-3.7380E-03
1.42	-3.6315E-03
1.43	-3.5152E-03
1.44	-3.3864E-03
1.45	-3.2441E-03
1.46	-3.0883E-03
1.47	-2.9199E-03
1.48	-2.7419E-03
1.49	-2.5586E-03
1.5	-2.3748E-03
1.51	-2.1944E-03
1.52	-2.0214E-03
1.53	-1.8598E-03
1.54	-1.7131E-03
1.55	-1.5843E-03
1.56	-1.4771E-03
1.57	-1.3959E-03
1.58	-1.3448E-03
1.59	-1.3264E-03
1.6	-1.3420E-03
1.61	-1.3918E-03
1.62	-1.4730E-03
1.63	-1.5801E-03
1.64	-1.7063E-03
1.65	-1.8446E-03
1.66	-1.9875E-03
1.67	-2.1280E-03
1.68	-2.2621E-03
1.69	-2.3887E-03
1.7	-2.5093E-03
1.71	-2.6275E-03
1.72	-2.7487E-03
1.73	-2.8789E-03
1.74	-3.0234E-03
1.75	-3.1850E-03
1.76	-3.3649E-03
1.77	-3.5630E-03
1.78	-3.7768E-03
1.79	-4.0016E-03
1.8	-4.2317E-03
1.81	-4.4604E-03
1.82	-4.6803E-03
1.83	-4.8836E-03
1.84	-5.0646E-03
1.85	-5.2216E-03
1.86	-5.3567E-03
1.87	-5.4757E-03
1.88	-5.5882E-03
1.89	-5.7047E-03
1.9	-5.8334E-03
1.91	-5.9774E-03
1.92	-6.1347E-03
1.93	-6.2984E-03
1.94	-6.4579E-03
1.95	-6.6012E-03
1.96	-6.7183E-03
1.97	-6.8028E-03
1.98	-6.8508E-03
1.99	-6.8602E-03
2	-6.8304E-03
2.01	-6.7622E-03
2.02	-6.6570E-03
2.03	-6.5179E-03
2.04	-6.3520E-03
2.05	-6.1715E-03
2.06	-5.9918E-03
2.07	-5.8286E-03
2.08	-5.6962E-03
2.09	-5.6035E-03
2.1	-5.5510E-03
2.11	-5.5305E-03
2.12	-5.5280E-03
2.13	-5.5279E-03
2.14	-5.5155E-03
2.15	-5.4800E-03
2.16	-5.4160E-03
2.17	-5.3230E-03
2.18	-5.2017E-03
2.19	-5.0519E-03
2.2	-4.8731E-03
2.21	-4.6654E-03
2.22	-4.4308E-03
2.23	-4.1751E-03
2.24	-3.9095E-03
2.25	-3.6483E-03
2.26	-3.4057E-03
2.27	-3.1910E-03
2.28	-3.0082E-03
2.29	-2.8550E-03
2.3	-2.7241E-03
2.31	-2.6060E-03
2.32	-2.4927E-03
2.33	-2.3792E-03
2.34	-2.2623E-03
2.35	-2.1387E-03
2.36	-2.0048E-03
2.37	-1.8557E-03
2.38	-1.6853E-03
2.39	-1.4883E-03
2.4	-1.2637E-03
2.41	-1.0166E-03
2.42	-7.5723E-04
2.43	-4.9989E-04
2.44	-2.6015E-04
2.45	-5.0838E-05
2.46	1.2220E-04
2.47	2.6148E-04
2.48	3.7609E-04
2.49	4.7861E-04
2.5	5.8158E-04
2.51	6.9357E-04
2.52	8.1672E-04
2.53	9.4818E-04
2.54	1.0841E-03
2.55	1.2232E-03
2.56	1.3685E-03
2.57	1.5263E-03
2.58	1.7043E-03
2.59	1.9056E-03
2.6	2.1248E-03
2.61	2.3473E-03
2.62	2.5526E-03
2.63	2.7195E-03
2.64	2.8325E-03
2.65	2.8867E-03
2.66	2.8904E-03
2.67	2.8626E-03
2.68	2.8276E-03
2.69	2.8090E-03
2.7	2.8246E-03
2.71	2.8834E-03
2.72	2.9842E-03
2.73	3.1196E-03
2.74	3.2795E-03
2.75	3.4549E-03
2.76	3.6394E-03
2.77	3.8293E-03
2.78	4.0218E-03
2.79	4.2123E-03
2.8	4.3927E-03
2.81	4.5521E-03
2.82	4.6797E-03
2.83	4.7682E-03
2.84	4.8163E-03
2.85	4.8300E-03
2.86	4.8217E-03
2.87	4.8065E-03
2.88	4.7978E-03
2.89	4.8053E-03
2.9	4.8331E-03
2.91	4.8807E-03
2.92	4.9441E-03
2.93	5.0180E-03
2.94	5.0979E-03
2.95	5.1790E-03
2.96	5.2556E-03
2.97	5.3203E-03
2.98	5.3643E-03
2.99	5.3778E-03
3	5.3523E-03
3.01	5.2844E-03
3.02	5.1772E-03
3.03	5.0407E-03
3.04	4.8887E-03
3.05	4.7355E-03
3.06	4.5917E-03
3.07	4.4608E-03
3.08	4.3392E-03
3.09	4.2198E-03
3.1	4.0958E-03
3.11	3.9648E-03
3.12	3.8291E-03
3.13	3.6956E-03
3.14	3.5715E-03
3.15	3.4601E-03
3.16	3.3587E-03
3.17	3.2593E-03
3.18	3.1517E-03
3.19	3.0282E-03
3.2	2.8873E-03
3.21	2.7366E-03
3.22	2.5914E-03
3.23	2.4702E-03
3.24	2.3892E-03
3.25	2.3571E-03
3.26	2.3727E-03
3.27	2.4251E-03
3.28	2.4984E-03
3.29	2.5774E-03
3.3	2.6534E-03
3.31	2.7256E-03
3.32	2.7992E-03
3.33	2.8808E-03
3.34	2.9717E-03
3.35	3.0651E-03
3.36	3.1457E-03
3.37	3.1956E-03
3.38	3.2003E-03
3.39	3.1551E-03
3.4	3.0667E-03
3.41	2.9510E-03
3.42	2.8281E-03
3.43	2.7161E-03
3.44	2.6272E-03
3.45	2.5663E-03
3.46	2.5330E-03
3.47	2.5241E-03
3.48	2.5363E-03
3.49	2.5674E-03
3.5	2.6164E-03
3.51	2.6820E-03
3.52	2.7607E-03
3.53	2.8454E-03
3.54	2.9248E-03
3.55	2.9844E-03
3.56	3.0089E-03
3.57	2.9864E-03
3.58	2.9122E-03
3.59	2.7911E-03
3.6	2.6361E-03
3.61	2.4648E-03
3.62	2.2949E-03
3.63	2.1389E-03
3.64	2.0032E-03
3.65	1.8888E-03
3.66	1.7943E-03
3.67	1.7186E-03
3.68	1.6619E-03
3.69	1.6246E-03
3.7	1.6050E-03
3.71	1.5984E-03
3.72	1.5975E-03
3.73	1.5944E-03
3.74	1.5838E-03
3.75	1.5639E-03
3.76	1.5367E-03
3.77	1.5062E-03
3.78	1.4761E-03
3.79	1.4485E-03
3.8	1.4235E-03
3.81	1.3990E-03
3.82	1.3725E-03
3.83	1.3415E-03
3.84	1.3046E-03
3.85	1.2617E-03
3.86	1.2139E-03
3.87	1.1633E-03
3.88	1.1119E-03
3.89	1.0607E-03
3.9	1.0093E-03
3.91	9.5673E-04
3.92	9.0316E-04
3.93	8.5135E-04
3.94	8.0738E-04
3.95	7.7960E-04
3.96	7.7598E-04
3.97	8.0101E-04
3.98	8.5385E-04
3.99	9.2869E-04
4	1.0168E-03
4.01	1.1092E-03
4.02	1.1990E-03
4.03	1.2818E-03
4.04	1.3550E-03
4.05	1.4157E-03
4.06	1.4598E-03
4.07	1.4814E-03
4.08	1.4742E-03
4.09	1.4335E-03
4.1	1.3578E-03
4.11	1.2510E-03
4.12	1.1234E-03
4.13	9.9051E-04
4.14	8.7119E-04
4.15	7.8459E-04
4.16	7.4626E-04
4.17	7.6502E-04
4.18	8.4169E-04
4.19	9.7014E-04
4.2	1.1403E-03
4.21	1.3417E-03
4.22	1.5662E-03
4.23	1.8095E-03
4.24	2.0697E-03
4.25	2.3453E-03
4.26	2.6330E-03
4.27	2.9261E-03
4.28	3.2145E-03
4.29	3.4867E-03
4.3	3.7317E-03
4.31	3.9407E-03
4.32	4.1092E-03
4.33	4.2365E-03
4.34	4.3256E-03
4.35	4.3814E-03
4.36	4.4094E-03
4.37	4.4146E-03
4.38	4.4012E-03
4.39	4.3732E-03
4.4	4.3352E-03
4.41	4.2940E-03
4.42	4.2579E-03
4.43	4.2363E-03
4.44	4.2389E-03
4.45	4.2747E-03
4.46	4.3509E-03
4.47	4.4722E-03
4.48	4.6410E-03
4.49	4.8561E-03
4.5	5.1118E-03
4.51	5.3964E-03
4.52	5.6934E-03
4.53	5.9837E-03
4.54	6.2482E-03
4.55	6.4719E-03
4.56	6.6474E-03
4.57	6.7754E-03
4.58	6.8634E-03
4.59	6.9221E-03
4.6	6.9627E-03
4.61	6.9940E-03
4.62	7.0215E-03
4.63	7.0474E-03
4.64	7.0739E-03
4.65	7.1055E-03
4.66	7.1504E-03
4.67	7.2203E-03
4.68	7.3290E-03
4.69	7.4879E-03
4.7	7.7000E-03
4.71	7.9563E-03
4.72	8.2354E-03
4.73	8.5089E-03
4.74	8.7481E-03
4.75	8.9333E-03
4.76	9.0608E-03
4.77	9.1441E-03
4.78	9.2080E-03
4.79	9.2795E-03
4.8	9.3786E-03
4.81	9.5129E-03
4.82	9.6756E-03
4.83	9.8499E-03
4.84	1.0018E-02
4.85	1.0169E-02
4.86	1.0304E-02
4.87	1.0432E-02
4.88	1.0572E-02
4.89	1.0737E-02
4.9	1.0931E-02
4.91	1.1142E-02
4.92	1.1341E-02
4.93	1.1498E-02
4.94	1.1584E-02
4.95	1.1591E-02
4.96	1.1532E-02
4.97	1.1440E-02
4.98	1.1358E-02
4.99	1.1321E-02
5	1.1354E-02
5.01	1.1457E-02
5.02	1.1619E-02
5.03	1.1817E-02
5.04	1.2030E-02
5.05	1.2241E-02
5.06	1.2441E-02
5.07	1.2623E-02
5.08	1.2779E-02
5.09	1.2904E-02
5.1	1.2988E-02
5.11	1.3021E-02
5.12	1.2996E-02
5.13	1.2911E-02
5.14	1.2770E-02
5.15	1.2582E-02
5.16	1.2363E-02
5.17	1.2131E-02
5.18	1.1902E-02
5.19	1.1681E-02
5.2	1.1472E-02
5.21	1.1269E-02
5.22	1.1068E-02
5.23	1.0864E-02
5.24	1.0654E-02
5.25	1.0433E-02
5.26	1.0187E-02
5.27	9.8949E-03
5.28	9.5334E-03
5.29	9.0893E-03
5.3	8.5661E-03
5.31	7.9883E-03
5.32	7.3970E-03
5.33	6.8386E-03
5.34	6.3486E-03
5.35	5.9429E-03
5.36	5.6165E-03
5.37	5.3484E-03
5.38	5.1095E-03
5.39	4.8710E-03
5.4	4.6118E-03
5.41	4.3214E-03
5.42	3.9984E-03
5.43	3.6488E-03
5.44	3.2819E-03
5.45	2.9038E-03
5.46	2.5096E-03
5.47	2.0814E-03
5.48	1.5946E-03
5.49	1.0290E-03
5.5	3.8126E-04
5.51	-3.2597E-04
5.52	-1.0454E-03
5.53	-1.7190E-03
5.54	-2.2986E-03
5.55	-2.7613E-03
5.56	-3.1142E-03
5.57	-3.3881E-03
5.58	-3.6229E-03
5.59	-3.8521E-03
5.6	-4.0922E-03
5.61	-4.3430E-03
5.62	-4.5943E-03
5.63	-4.8331E-03
5.64	-5.0492E-03
5.65	-5.2391E-03
5.66	-5.4071E-03
5.67	-5.5647E-03
5.68	-5.7264E-03
5.69	-5.9064E-03
5.7	-6.1120E-03
5.71	-6.3361E-03
5.72	-6.5558E-03
5.73	-6.7386E-03
5.74	-6.8548E-03
5.75	-6.8891E-03
5.76	-6.8478E-03
5.77	-6.7585E-03
5.78	-6.6601E-03
5.79	-6.5885E-03
5.8	-6.5667E-03
5.81	-6.6032E-03
5.82	-6.6961E-03
5.83	-6.8385E-03
5.84	-7.0224E-03
5.85	-7.2402E-03
5.86	-7.4826E-03
5.87	-7.7371E-03
5.88	-7.9896E-03
5.89	-8.2296E-03
5.9	-8.4514E-03
5.91	-8.6513E-03
5.92	-8.8231E-03
5.93	-8.9543E-03
5.94	-9.0252E-03
5.95	-9.0125E-03
5.96	-8.8963E-03
5.97	-8.6688E-03
5.98	-8.3348E-03
5.99	-7.9096E-03
6	-7.4149E-03
6.01	-6.8781E-03
6.02	-6.3311E-03
6.03	-5.8087E-03
6.04	-5.3448E-03
6.05	-4.9651E-03
6.06	-4.6783E-03
6.07	-4.4712E-03
6.08	-4.3149E-03
6.09	-4.1795E-03
6.1	-4.0484E-03
6.11	-3.9255E-03
6.12	-3.8324E-03
6.13	-3.7959E-03
6.14	-3.8309E-03
6.15	-3.9288E-03
6.16	-4.0587E-03
6.17	-4.1780E-03
6.18	-4.2454E-03
6.19	-4.2306E-03
6.2	-4.1193E-03
6.21	-3.9135E-03
6.22	-3.6273E-03
6.23	-3.2819E-03
6.24	-2.9013E-03
6.25	-2.5071E-03
6.26	-2.1104E-03
6.27	-1.7060E-03
6.28	-1.2759E-03
6.29	-7.9861E-04
6.3	-2.6325E-04
6.31	3.2022E-04
6.32	9.1870E-04
6.33	1.4855E-03
6.34	1.9786E-03
6.35	2.3767E-03
6.36	2.6848E-03
6.37	2.9264E-03
6.38	3.1306E-03
6.39	3.3194E-03
6.4	3.5007E-03
6.41	3.6706E-03
6.42	3.8210E-03
6.43	3.9473E-03
6.44	4.0500E-03
6.45	4.1337E-03
6.46	4.2063E-03
6.47	4.2804E-03
6.48	4.3744E-03
6.49	4.5114E-03
6.5	4.7166E-03
6.51	5.0102E-03
6.52	5.4003E-03
6.53	5.8806E-03
6.54	6.4349E-03
6.55	7.0441E-03
6.56	7.6914E-03
6.57	8.3616E-03
6.58	9.0375E-03
6.59	9.6944E-03
6.6	1.0299E-02
6.61	1.0816E-02
6.62	1.1218E-02
6.63	1.1493E-02
6.64	1.1648E-02
6.65	1.1704E-02
6.66	1.1686E-02
6.67	1.1618E-02
6.68	1.1525E-02
6.69	1.1431E-02
6.7	1.1368E-02
6.71	1.1369E-02
6.72	1.1462E-02
6.73	1.1657E-02
6.74	1.1937E-02
6.75	1.2266E-02
6.76	1.2594E-02
6.77	1.2871E-02
6.78	1.3060E-02
6.79	1.3139E-02
6.8	1.3104E-02
6.81	1.2961E-02
6.82	1.2729E-02
6.83	1.2438E-02
6.84	1.2128E-02
6.85	1.1841E-02
6.86	1.1618E-02
6.87	1.1488E-02
6.88	1.1462E-02
6.89	1.1532E-02
6.9	1.1680E-02
6.91	1.1883E-02
6.92	1.2113E-02
6.93	1.2338E-02
6.94	1.2521E-02
6.95	1.2613E-02
6.96	1.2566E-02
6.97	1.2342E-02
6.98	1.1920E-02
6.99	1.1309E-02
7	1.0542E-02
7.01	9.6706E-03
7.02	8.7509E-03
7.03	7.8393E-03
7.04	6.9849E-03
7.05	6.2274E-03
7.06	5.5956E-03
7.07	5.1050E-03
7.08	4.7564E-03
7.09	4.5348E-03
7.1	4.4139E-03
7.11	4.3611E-03
7.12	4.3430E-03
7.13	4.3263E-03
7.14	4.2781E-03
7.15	4.1658E-03
7.16	3.9587E-03
7.17	3.6345E-03
7.18	3.1877E-03
7.19	2.6371E-03
7.2	2.0252E-03
7.21	1.4109E-03
7.22	8.5728E-04
7.23	4.1992E-04
7.24	1.3562E-04
7.25	1.5494E-05
7.26	4.3318E-05
7.27	1.7772E-04
7.28	3.5626E-04
7.29	5.0307E-04
7.3	5.4177E-04
7.31	4.1073E-04
7.32	7.5103E-05
7.33	-4.6729E-04
7.34	-1.1866E-03
7.35	-2.0288E-03
7.36	-2.9277E-03
7.37	-3.8162E-03
7.38	-4.6303E-03
7.39	-5.3091E-03
7.4	-5.7958E-03
7.41	-6.0423E-03
7.42	-6.0164E-03
7.43	-5.7102E-03
7.44	-5.1494E-03
7.45	-4.3958E-03
7.46	-3.5398E-03
7.47	-2.6863E-03
7.48	-1.9385E-03
7.49	-1.3837E-03
7.5	-1.0797E-03
7.51	-1.0467E-03
7.52	-1.2668E-03
7.53	-1.6884E-03
7.54	-2.2335E-03
7.55	-2.8079E-03
7.56	-3.3177E-03
7.57	-3.6842E-03
7.58	-3.8538E-03
7.59	-3.8024E-03
7.6	-3.5360E-03
7.61	-3.0875E-03
7.62	-2.5097E-03
7.63	-1.8672E-03
7.64	-1.2311E-03
7.65	-6.7301E-04
7.66	-2.5554E-04
7.67	-2.2426E-05
7.68	8.0448E-06
7.69	-1.5288E-04
7.7	-4.6259E-04
7.71	-8.5055E-04
7.72	-1.2278E-03
7.73	-1.4984E-03
7.74	-1.5700E-03
7.75	-1.3656E-03
7.76	-8.3609E-04
7.77	2.8289E-05
7.78	1.1934E-03
7.79	2.5827E-03
7.8	4.0854E-03
7.81	5.5717E-03
7.82	6.9147E-03
7.83	8.0106E-03
7.84	8.7945E-03
7.85	9.2475E-03
7.86	9.3982E-03
7.87	9.3149E-03
7.88	9.0911E-03
7.89	8.8288E-03
7.9	8.6226E-03
7.91	8.5477E-03
7.92	8.6512E-03
7.93	8.9506E-03
7.94	9.4374E-03
7.95	1.0085E-02
7.96	1.0852E-02
7.97	1.1692E-02
7.98	1.2553E-02
7.99	1.3379E-02
8	1.4116E-02
8.01	1.4716E-02
8.02	1.5142E-02
8.03	1.5378E-02
8.04	1.5434E-02
8.05	1.5347E-02
8.06	1.5177E-02
8.07	1.5004E-02
8.08	1.4912E-02
8.09	1.4979E-02
8.1	1.5257E-02
8.11	1.5766E-02
8.12	1.6485E-02
8.13	1.7351E-02
8.14	1.8271E-02
8.15	1.9137E-02
8.16	1.9841E-02
8.17	2.0296E-02
8.18	2.0449E-02
8.19	2.0281E-02
8.2	1.9810E-02
8.21	1.9079E-02
8.22	1.8149E-02
8.23	1.7089E-02
8.24	1.5973E-02
8.25	1.4874E-02
8.26	1.3867E-02
8.27	1.3024E-02
8.28	1.2411E-02
8.29	1.2078E-02
8.3	1.2048E-02
8.31	1.2307E-02
8.32	1.2800E-02
8.33	1.3431E-02
8.34	1.4080E-02
8.35	1.4622E-02
8.36	1.4951E-02
8.37	1.4997E-02
8.38	1.4737E-02
8.39	1.4193E-02
8.4	1.3420E-02
8.41	1.2497E-02
8.42	1.1504E-02
8.43	1.0522E-02
8.44	9.6184E-03
8.45	8.8516E-03
8.46	8.2628E-03
8.47	7.8749E-03
8.48	7.6889E-03
8.49	7.6807E-03
8.5	7.8027E-03
8.51	7.9893E-03
8.52	8.1667E-03
8.53	8.2633E-03
8.54	8.2189E-03
8.55	7.9936E-03
8.56	7.5731E-03
8.57	6.9712E-03
8.58	6.2303E-03
8.59	5.4188E-03
8.6	4.6251E-03
8.61	3.9460E-03
8.62	3.4739E-03
8.63	3.2825E-03
8.64	3.4143E-03
8.65	3.8703E-03
8.66	4.6069E-03
8.67	5.5399E-03
8.68	6.5555E-03
8.69	7.5270E-03
8.7	8.3343E-03
8.71	8.8840E-03
8.72	9.1242E-03
8.73	9.0509E-03
8.74	8.7041E-03
8.75	8.1564E-03
8.76	7.4964E-03
8.77	6.8119E-03
8.78	6.1787E-03
8.79	5.6570E-03
8.8	5.2926E-03
8.81	5.1191E-03
8.82	5.1584E-03
8.83	5.4174E-03
8.84	5.8816E-03
8.85	6.5070E-03
8.86	7.2168E-03
8.87	7.9076E-03
8.88	8.4630E-03
8.89	8.7745E-03
8.9	8.7632E-03
8.91	8.3985E-03
8.92	7.7078E-03
8.93	6.7738E-03
8.94	5.7197E-03
8.95	4.6884E-03
8.96	3.8155E-03
8.97	3.2049E-03
8.98	2.9112E-03
8.99	2.9339E-03
9	3.2220E-03
9.01	3.6863E-03
9.02	4.2164E-03
9.03	4.6997E-03
9.04	5.0356E-03
9.05	5.1441E-03
9.06	4.9686E-03
9.07	4.4772E-03
9.08	3.6610E-03
9.09	2.5325E-03
9.1	1.1266E-03
9.11	-4.9707E-04
9.12	-2.2540E-03
9.13	-4.0390E-03
9.14	-5.7347E-03
9.15	-7.2235E-03
9.16	-8.4050E-03
9.17	-9.2143E-03
9.18	-9.6357E-03
9.19	-9.7064E-03
9.2	-9.5126E-03
9.21	-9.1780E-03
9.22	-8.8420E-03
9.23	-8.6364E-03
9.24	-8.6637E-03
9.25	-8.9838E-03
9.26	-9.6061E-03
9.27	-1.0490E-02
9.28	-1.1558E-02
9.29	-1.2710E-02
9.3	-1.3843E-02
9.31	-1.4867E-02
9.32	-1.5714E-02
9.33	-1.6352E-02
9.34	-1.6777E-02
9.35	-1.7011E-02
9.36	-1.7092E-02
9.37	-1.7069E-02
9.38	-1.6992E-02
9.39	-1.6908E-02
9.4	-1.6858E-02
9.41	-1.6882E-02
9.42	-1.7013E-02
9.43	-1.7279E-02
9.44	-1.7702E-02
9.45	-1.8290E-02
9.46	-1.9029E-02
9.47	-1.9874E-02
9.48	-2.0745E-02
9.49	-2.1534E-02
9.5	-2.2123E-02
9.51	-2.2401E-02
9.52	-2.2292E-02
9.53	-2.1776E-02
9.54	-2.0897E-02
9.55	-1.9748E-02
9.56	-1.8459E-02
9.57	-1.7173E-02
9.58	-1.6018E-02
9.59	-1.5090E-02
9.6	-1.4444E-02
9.61	-1.4099E-02
9.62	-1.4041E-02
9.63	-1.4224E-02
9.64	-1.4582E-02
9.65	-1.5038E-02
9.66	-1.5504E-02
9.67	-1.5883E-02
9.68	-1.6077E-02
9.69	-1.6007E-02
9.7	-1.5612E-02
9.71	-1.4865E-02
9.72	-1.3787E-02
9.73	-1.2444E-02
9.74	-1.0941E-02
9.75	-9.4092E-03
9.76	-7.9836E-03
9.77	-6.7893E-03
9.78	-5.9183E-03
9.79	-5.4167E-03
9.8	-5.2806E-03
9.81	-5.4572E-03
9.82	-5.8456E-03
9.83	-6.3054E-03
9.84	-6.6763E-03
9.85	-6.8005E-03
9.86	-6.5436E-03
9.87	-5.8157E-03
9.88	-4.5917E-03
9.89	-2.9182E-03
9.9	-9.0443E-04
9.91	1.2961E-03
9.92	3.5073E-03
9.93	5.5560E-03
9.94	7.2971E-03
9.95	8.6285E-03
9.96	9.4951E-03
9.97	9.8891E-03
9.98	9.8502E-03
9.99	9.4602E-03
10	8.8350E-03
10.01	8.1151E-03
10.02	7.4561E-03
10.03	7.0118E-03
10.04	6.9129E-03
10.05	7.2486E-03
10.06	8.0542E-03
10.07	9.3051E-03
10.08	1.0919E-02
10.09	1.2769E-02
10.1	1.4702E-02
10.11	1.6563E-02
10.12	1.8211E-02
10.13	1.9541E-02
10.14	2.0493E-02
10.15	2.1059E-02
10.16	2.1275E-02
10.17	2.1215E-02
10.18	2.0979E-02
10.19	2.0676E-02
10.2	2.0412E-02
10.21	2.0277E-02
10.22	2.0343E-02
10.23	2.0651E-02
10.24	2.1210E-02
10.25	2.1996E-02
10.26	2.2952E-02
10.27	2.3985E-02
10.28	2.4976E-02
10.29	2.5799E-02
10.3	2.6330E-02
10.31	2.6472E-02
10.32	2.6169E-02
10.33	2.5423E-02
10.34	2.4291E-02
10.35	2.2878E-02
10.36	2.1321E-02
10.37	1.9772E-02
10.38	1.8375E-02
10.39	1.7246E-02
10.4	1.6461E-02
10.41	1.6050E-02
10.42	1.5995E-02
10.43	1.6227E-02
10.44	1.6643E-02
10.45	1.7118E-02
10.46	1.7514E-02
10.47	1.7697E-02
10.48	1.7550E-02
10.49	1.6995E-02
10.5	1.5998E-02
10.51	1.4578E-02
10.52	1.2813E-02
10.53	1.0829E-02
10.54	8.7824E-03
10.55	6.8320E-03
10.56	5.1150E-03
10.57	3.7273E-03
10.58	2.7060E-03
10.59	2.0273E-03
10.6	1.6190E-03
10.61	1.3777E-03
10.62	1.1837E-03
10.63	9.1570E-04
10.64	4.6676E-04
10.65	-2.4659E-04
10.66	-1.2831E-03
10.67	-2.6740E-03
10.68	-4.4156E-03
10.69	-6.4646E-03
10.7	-8.7394E-03
10.71	-1.1123E-02
10.72	-1.3474E-02
10.73	-1.5640E-02
10.74	-1.7492E-02
10.75	-1.8946E-02
10.76	-1.9976E-02
10.77	-2.0624E-02
10.78	-2.0988E-02
10.79	-2.1203E-02
10.8	-2.1412E-02
10.81	-2.1740E-02
10.82	-2.2282E-02
10.83	-2.3092E-02
10.84	-2.4192E-02
10.85	-2.5573E-02
10.86	-2.7211E-02
10.87	-2.9063E-02
10.88	-3.1076E-02
10.89	-3.3179E-02
10.9	-3.5293E-02
10.91	-3.7333E-02
10.92	-3.9215E-02
10.93	-4.0878E-02
10.94	-4.2290E-02
10.95	-4.3452E-02
10.96	-4.4393E-02
10.97	-4.5168E-02
10.98	-4.5843E-02
10.99	-4.6483E-02
11	-4.7145E-02
11.01	-4.7889E-02
11.02	-4.8765E-02
11.03	-4.9814E-02
11.04	-5.1060E-02
11.05	-5.2503E-02
11.06	-5.4104E-02
11.07	-5.5778E-02
11.08	-5.7410E-02
11.09	-5.8876E-02
11.1	-6.0073E-02
11.11	-6.0937E-02
11.12	-6.1460E-02
11.13	-6.1696E-02
11.14	-6.1736E-02
11.15	-6.1672E-02
11.16	-6.1582E-02
11.17	-6.1514E-02
11.18	-6.1482E-02
11.19	-6.1469E-02
11.2	-6.1454E-02
11.21	-6.1437E-02
11.22	-6.1437E-02
11.23	-6.1482E-02
11.24	-6.1604E-02
11.25	-6.1822E-02
11.26	-6.2116E-02
11.27	-6.2415E-02
11.28	-6.2619E-02
11.29	-6.2627E-02
11.3	-6.2359E-02
11.31	-6.1766E-02
11.32	-6.0860E-02
11.33	-5.9705E-02
11.34	-5.8390E-02
11.35	-5.6992E-02
11.36	-5.5569E-02
11.37	-5.4144E-02
11.38	-5.2702E-02
11.39	-5.1193E-02
11.4	-4.9571E-02
11.41	-4.7810E-02
11.42	-4.5914E-02
11.43	-4.3910E-02
11.44	-4.1849E-02
11.45	-3.9800E-02
11.46	-3.7816E-02
11.47	-3.5919E-02
11.48	-3.4106E-02
11.49	-3.2353E-02
11.5	-3.0612E-02
11.51	-2.8826E-02
11.52	-2.6952E-02
11.53	-2.4969E-02
11.54	-2.2875E-02
11.55	-2.0672E-02
11.56	-1.8373E-02
11.57	-1.5994E-02
11.58	-1.3537E-02
11.59	-1.0996E-02
11.6	-8.3772E-03
11.61	-5.7057E-03
11.62	-3.0261E-03
11.63	-4.0057E-04
11.64	2.0875E-03
11.65	4.3474E-03
11.66	6.3068E-03
11.67	7.9266E-03
11.68	9.2028E-03
11.69	1.0173E-02
11.7	1.0922E-02
11.71	1.1565E-02
11.72	1.2220E-02
11.73	1.2987E-02
11.74	1.3932E-02
11.75	1.5077E-02
11.76	1.6387E-02
11.77	1.7790E-02
11.78	1.9203E-02
11.79	2.0551E-02
11.8	2.1774E-02
11.81	2.2843E-02
11.82	2.3753E-02
11.83	2.4513E-02
11.84	2.5120E-02
11.85	2.5554E-02
11.86	2.5778E-02
11.87	2.5744E-02
11.88	2.5402E-02
11.89	2.4728E-02
11.9	2.3740E-02
11.91	2.2499E-02
11.92	2.1098E-02
11.93	1.9649E-02
11.94	1.8262E-02
11.95	1.7018E-02
11.96	1.5954E-02
11.97	1.5067E-02
11.98	1.4324E-02
11.99	1.3672E-02
12	1.3060E-02
12.01	1.2460E-02
12.02	1.1874E-02
12.03	1.1328E-02
12.04	1.0857E-02
12.05	1.0501E-02
12.06	1.0279E-02
12.07	1.0183E-02
12.08	1.0174E-02
12.09	1.0197E-02
12.1	1.0190E-02
12.11	1.0091E-02
12.12	9.8442E-03
12.13	9.4171E-03
12.14	8.7932E-03
12.15	7.9690E-03
12.16	6.9555E-03
12.17	5.7813E-03
12.18	4.4902E-03
12.19	3.1376E-03
12.2	1.7944E-03
12.21	5.5157E-04
12.22	-4.8579E-04
12.23	-1.2090E-03
12.24	-1.5141E-03
12.25	-1.3129E-03
12.26	-5.5327E-04
12.27	7.6195E-04
12.28	2.5692E-03
12.29	4.7469E-03
12.3	7.1209E-03
12.31	9.4792E-03
12.32	1.1603E-02
12.33	1.3301E-02
12.34	1.4436E-02
12.35	1.4937E-02
12.36	1.4815E-02
12.37	1.4151E-02
12.38	1.3078E-02
12.39	1.1753E-02
12.4	1.0343E-02
12.41	9.0141E-03
12.42	7.9258E-03
12.43	7.2252E-03
12.44	7.0450E-03
12.45	7.4918E-03
12.46	8.6198E-03
12.47	1.0406E-02
12.48	1.2738E-02
12.49	1.5427E-02
12.5	1.8221E-02
12.51	2.0849E-02
12.52	2.3070E-02
12.53	2.4715E-02
12.54	2.5702E-02
12.55	2.6034E-02
12.56	2.5780E-02
12.57	2.5044E-02
12.58	2.3940E-02
12.59	2.2568E-02
12.6	2.1018E-02
12.61	1.9382E-02
12.62	1.7756E-02
12.63	1.6246E-02
12.64	1.4962E-02
12.65	1.4006E-02
12.66	1.3446E-02
12.67	1.3307E-02
12.68	1.3562E-02
12.69	1.4151E-02
12.7	1.4993E-02
12.71	1.5999E-02
12.72	1.7095E-02
12.73	1.8219E-02
12.74	1.9321E-02
12.75	2.0347E-02
12.76	2.1246E-02
12.77	2.1977E-02
12.78	2.2514E-02
12.79	2.2852E-02
12.8	2.3012E-02
12.81	2.3033E-02
12.82	2.2951E-02
12.83	2.2781E-02
12.84	2.2525E-02
12.85	2.2174E-02
12.86	2.1730E-02
12.87	2.1220E-02
12.88	2.0708E-02
12.89	2.0287E-02
12.9	2.0053E-02
12.91	2.0078E-02
12.92	2.0391E-02
12.93	2.0970E-02
12.94	2.1755E-02
12.95	2.2667E-02
12.96	2.3637E-02
12.97	2.4634E-02
12.98	2.5662E-02
12.99	2.6744E-02
13	2.7902E-02
13.01	2.9130E-02
13.02	3.0376E-02
13.03	3.1539E-02
13.04	3.2500E-02
13.05	3.3166E-02
13.06	3.3499E-02
13.07	3.3541E-02
13.08	3.3405E-02
13.09	3.3255E-02
13.1	3.3255E-02
13.11	3.3526E-02
13.12	3.4133E-02
13.13	3.5089E-02
13.14	3.6369E-02
13.15	3.7928E-02
13.16	3.9729E-02
13.17	4.1747E-02
13.18	4.3952E-02
13.19	4.6294E-02
13.2	4.8694E-02
13.21	5.1048E-02
13.22	5.3242E-02
13.23	5.5158E-02
13.24	5.6716E-02
13.25	5.7895E-02
13.26	5.8726E-02
13.27	5.9282E-02
13.28	5.9659E-02
13.29	5.9954E-02
13.3	6.0229E-02
13.31	6.0502E-02
13.32	6.0763E-02
13.33	6.1003E-02
13.34	6.1226E-02
13.35	6.1457E-02
13.36	6.1750E-02
13.37	6.2165E-02
13.38	6.2739E-02
13.39	6.3453E-02
13.4	6.4247E-02
13.41	6.5052E-02
13.42	6.5809E-02
13.43	6.6500E-02
13.44	6.7165E-02
13.45	6.7894E-02
13.46	6.8775E-02
13.47	6.9837E-02
13.48	7.1033E-02
13.49	7.2233E-02
13.5	7.3240E-02
13.51	7.3832E-02
13.52	7.3829E-02
13.53	7.3150E-02
13.54	7.1805E-02
13.55	6.9873E-02
13.56	6.7478E-02
13.57	6.4750E-02
13.58	6.1776E-02
13.59	5.8586E-02
13.6	5.5194E-02
13.61	5.1638E-02
13.62	4.7993E-02
13.63	4.4376E-02
13.64	4.0945E-02
13.65	3.7857E-02
13.66	3.5198E-02
13.67	3.2940E-02
13.68	3.0957E-02
13.69	2.9063E-02
13.7	2.7050E-02
13.71	2.4746E-02
13.72	2.2079E-02
13.73	1.9095E-02
13.74	1.5912E-02
13.75	1.2668E-02
13.76	9.4928E-03
13.77	6.4794E-03
13.78	3.6574E-03
13.79	1.0109E-03
13.8	-1.4690E-03
13.81	-3.7530E-03
13.82	-5.7864E-03
13.83	-7.5079E-03
13.84	-8.8662E-03
13.85	-9.8532E-03
13.86	-1.0545E-02
13.87	-1.1096E-02
13.88	-1.1680E-02
13.89	-1.2439E-02
13.9	-1.3445E-02
13.91	-1.4683E-02
13.92	-1.6033E-02
13.93	-1.7309E-02
13.94	-1.8334E-02
13.95	-1.8978E-02
13.96	-1.9173E-02
13.97	-1.8905E-02
13.98	-1.8221E-02
13.99	-1.7202E-02
14	-1.5927E-02
14.01	-1.4475E-02
14.02	-1.2948E-02
14.03	-1.1482E-02
14.04	-1.0227E-02
14.05	-9.3261E-03
14.06	-8.9049E-03
14.07	-9.0278E-03
14.08	-9.6467E-03
14.09	-1.0586E-02
14.1	-1.1577E-02
14.11	-1.2298E-02
14.12	-1.2425E-02
14.13	-1.1694E-02
14.14	-9.9673E-03
14.15	-7.2492E-03
14.16	-3.6488E-03
14.17	6.6488E-04
14.18	5.4930E-03
14.19	1.0644E-02
14.2	1.5961E-02
14.21	2.1315E-02
14.22	2.6556E-02
14.23	3.1495E-02
14.24	3.5923E-02
14.25	3.9634E-02
14.26	4.2456E-02
14.27	4.4300E-02
14.28	4.5217E-02
14.29	4.5408E-02
14.3	4.5179E-02
14.31	4.4883E-02
14.32	4.4861E-02
14.33	4.5383E-02
14.34	4.6581E-02
14.35	4.8443E-02
14.36	5.0854E-02
14.37	5.3647E-02
14.38	5.6630E-02
14.39	5.9623E-02
14.4	6.2491E-02
14.41	6.5139E-02
14.42	6.7482E-02
14.43	6.9426E-02
14.44	7.0884E-02
14.45	7.1784E-02
14.46	7.2071E-02
14.47	7.1732E-02
14.48	7.0819E-02
14.49	6.9454E-02
14.5	6.7789E-02
14.51	6.5981E-02
14.52	6.4175E-02
14.53	6.2475E-02
14.54	6.0920E-02
14.55	5.9483E-02
14.56	5.8106E-02
14.57	5.6719E-02
14.58	5.5249E-02
14.59	5.3638E-02
14.6	5.1867E-02
14.61	4.9950E-02
14.62	4.7918E-02
14.63	4.5805E-02
14.64	4.3658E-02
14.65	4.1525E-02
14.66	3.9439E-02
14.67	3.7412E-02
14.68	3.5437E-02
14.69	3.3482E-02
14.7	3.1465E-02
14.71	2.9270E-02
14.72	2.6771E-02
14.73	2.3857E-02
14.74	2.0457E-02
14.75	1.6560E-02
14.76	1.2238E-02
14.77	7.6269E-03
14.78	2.8918E-03
14.79	-1.8055E-03
14.8	-6.3270E-03
14.81	-1.0580E-02
14.82	-1.4518E-02
14.83	-1.8119E-02
14.84	-2.1346E-02
14.85	-2.4142E-02
14.86	-2.6431E-02
14.87	-2.8134E-02
14.88	-2.9210E-02
14.89	-2.9696E-02
14.9	-2.9731E-02
14.91	-2.9537E-02
14.92	-2.9366E-02
14.93	-2.9451E-02
14.94	-2.9944E-02
14.95	-3.0873E-02
14.96	-3.2152E-02
14.97	-3.3624E-02
14.98	-3.5123E-02
14.99	-3.6530E-02
15	-3.7805E-02
15.01	-3.9010E-02
15.02	-4.0268E-02
15.03	-4.1707E-02
15.04	-4.3400E-02
15.05	-4.5334E-02
15.06	-4.7388E-02
15.07	-4.9353E-02
15.08	-5.0976E-02
15.09	-5.2035E-02
15.1	-5.2385E-02
15.11	-5.1977E-02
15.12	-5.0865E-02
15.13	-4.9175E-02
15.14	-4.7064E-02
15.15	-4.4665E-02
15.16	-4.2060E-02
15.17	-3.9289E-02
15.18	-3.6362E-02
15.19	-3.3292E-02
15.2	-3.0128E-02
15.21	-2.6982E-02
15.22	-2.4002E-02
15.23	-2.1336E-02
15.24	-1.9078E-02
15.25	-1.7228E-02
15.26	-1.5669E-02
15.27	-1.4182E-02
15.28	-1.2490E-02
15.29	-1.0325E-02
15.3	-7.4890E-03
15.31	-3.9001E-03
15.32	3.8422E-04
15.33	5.1764E-03
15.34	1.0191E-02
15.35	1.5096E-02
15.36	1.9576E-02
15.37	2.3397E-02
15.38	2.6438E-02
15.39	2.8701E-02
15.4	3.0298E-02
15.41	3.1426E-02
15.42	3.2304E-02
15.43	3.3127E-02
15.44	3.4033E-02
15.45	3.5108E-02
15.46	3.6370E-02
15.47	3.7789E-02
15.48	3.9339E-02
15.49	4.1051E-02
15.5	4.3009E-02
15.51	4.5300E-02
15.52	4.7994E-02
15.53	5.1095E-02
15.54	5.4470E-02
15.55	5.7823E-02
15.56	6.0768E-02
15.57	6.2943E-02
15.58	6.4068E-02
15.59	6.4003E-02
15.6	6.2832E-02
15.61	6.0873E-02
15.62	5.8573E-02
15.63	5.6349E-02
15.64	5.4519E-02
15.65	5.3233E-02
15.66	5.2387E-02
15.67	5.1637E-02
15.68	5.0563E-02
15.69	4.8848E-02
15.7	4.6309E-02
15.71	4.2893E-02
15.72	3.8717E-02
15.73	3.4046E-02
15.74	2.9118E-02
15.75	2.4025E-02
15.76	1.8761E-02
15.77	1.3289E-02
15.78	7.5150E-03
15.79	1.3279E-03
15.8	-5.2255E-03
15.81	-1.1855E-02
15.82	-1.8168E-02
15.83	-2.3831E-02
15.84	-2.8579E-02
15.85	-3.2254E-02
15.86	-3.4940E-02
15.87	-3.6975E-02
15.88	-3.8764E-02
15.89	-4.0638E-02
15.9	-4.2906E-02
15.91	-4.5861E-02
15.92	-4.9602E-02
15.93	-5.3952E-02
15.94	-5.8596E-02
15.95	-6.3189E-02
15.96	-6.7314E-02
15.97	-7.0515E-02
15.98	-7.2491E-02
15.99	-7.3143E-02
16	-7.2409E-02
16.01	-7.0184E-02
16.02	-6.6449E-02
16.03	-6.1334E-02
16.04	-5.4993E-02
16.05	-4.7556E-02
16.06	-3.9253E-02
16.07	-3.0421E-02
16.08	-2.1352E-02
16.09	-1.2242E-02
16.1	-3.3018E-03
16.11	5.2463E-03
16.12	1.3360E-02
16.13	2.1239E-02
16.14	2.9193E-02
16.15	3.7580E-02
16.16	4.6837E-02
16.17	5.7398E-02
16.18	6.9486E-02
16.19	8.3056E-02
16.2	9.7906E-02
16.21	1.1372E-01
16.22	1.3005E-01
16.23	1.4638E-01
16.24	1.6230E-01
16.25	1.7760E-01
16.26	1.9210E-01
16.27	2.0572E-01
16.28	2.1845E-01
16.29	2.3040E-01
16.3	2.4162E-01
16.31	2.5219E-01
16.32	2.6221E-01
16.33	2.7185E-01
16.34	2.8120E-01
16.35	2.9038E-01
16.36	2.9955E-01
16.37	3.0882E-01
16.38	3.1819E-01
16.39	3.2749E-01
16.4	3.3641E-01
16.41	3.4449E-01
16.42	3.5118E-01
16.43	3.5604E-01
16.44	3.5884E-01
16.45	3.5958E-01
16.46	3.5845E-01
16.47	3.5578E-01
16.48	3.5197E-01
16.49	3.4738E-01
16.5	3.4225E-01
16.51	3.3675E-01
16.52	3.3094E-01
16.53	3.2473E-01
16.54	3.1789E-01
16.55	3.1021E-01
16.56	3.0148E-01
16.57	2.9159E-01
16.58	2.8049E-01
16.59	2.6829E-01
16.6	2.5506E-01
16.61	2.4076E-01
16.62	2.2532E-01
16.63	2.0869E-01
16.64	1.9094E-01
16.65	1.7226E-01
16.66	1.5302E-01
16.67	1.3373E-01
16.68	1.1495E-01
16.69	9.7093E-02
16.7	8.0457E-02
16.71	6.5222E-02
16.72	5.1337E-02
16.73	3.8486E-02
16.74	2.6194E-02
16.75	1.3942E-02
16.76	1.2196E-03
16.77	-1.2382E-02
16.78	-2.7026E-02
16.79	-4.2606E-02
16.8	-5.8875E-02
16.81	-7.5534E-02
16.82	-9.2230E-02
16.83	-1.0859E-01
16.84	-1.2429E-01
16.85	-1.3905E-01
16.86	-1.5262E-01
16.87	-1.6473E-01
16.88	-1.7521E-01
16.89	-1.8396E-01
16.9	-1.9099E-01
16.91	-1.9633E-01
16.92	-2.0014E-01
16.93	-2.0262E-01
16.94	-2.0401E-01
16.95	-2.0454E-01
16.96	-2.0448E-01
16.97	-2.0405E-01
16.98	-2.0343E-01
16.99	-2.0273E-01
17	-2.0201E-01
17.01	-2.0121E-01
17.02	-2.0022E-01
17.03	-1.9893E-01
17.04	-1.9719E-01
17.05	-1.9485E-01
17.06	-1.9174E-01
17.07	-1.8774E-01
17.08	-1.8281E-01
17.09	-1.7699E-01
17.1	-1.7048E-01
17.11	-1.6361E-01
17.12	-1.5677E-01
17.13	-1.5024E-01
17.14	-1.4416E-01
17.15	-1.3858E-01
17.16	-1.3341E-01
17.17	-1.2847E-01
17.18	-1.2357E-01
17.19	-1.1860E-01
17.2	-1.1340E-01
17.21	-1.0773E-01
17.22	-1.0140E-01
17.23	-9.4343E-02
17.24	-8.6596E-02
17.25	-7.8248E-02
17.26	-6.9522E-02
17.27	-6.0768E-02
17.28	-5.2339E-02
17.29	-4.4525E-02
17.3	-3.7637E-02
17.31	-3.2009E-02
17.32	-2.7828E-02
17.33	-2.5038E-02
17.34	-2.3431E-02
17.35	-2.2711E-02
17.36	-2.2467E-02
17.37	-2.2218E-02
17.38	-2.1586E-02
17.39	-2.0352E-02
17.4	-1.8356E-02
17.41	-1.5498E-02
17.42	-1.1855E-02
17.43	-7.6898E-03
17.44	-3.3226E-03
17.45	9.3165E-04
17.46	4.7220E-03
17.47	7.7029E-03
17.48	9.6545E-03
17.49	1.0492E-02
17.5	1.0183E-02
17.51	8.7572E-03
17.52	6.3881E-03
17.53	3.3701E-03
17.54	6.3500E-06
17.55	-3.4241E-03
17.56	-6.6442E-03
17.57	-9.4380E-03
17.58	-1.1739E-02
17.59	-1.3612E-02
17.6	-1.5178E-02
17.61	-1.6604E-02
17.62	-1.8110E-02
17.63	-1.9901E-02
17.64	-2.2114E-02
17.65	-2.4843E-02
17.66	-2.8201E-02
17.67	-3.2285E-02
17.68	-3.7141E-02
17.69	-4.2766E-02
17.7	-4.9112E-02
17.71	-5.6046E-02
17.72	-6.3352E-02
17.73	-7.0783E-02
17.74	-7.8095E-02
17.75	-8.5039E-02
17.76	-9.1397E-02
17.77	-9.7056E-02
17.78	-1.0205E-01
17.79	-1.0653E-01
17.8	-1.1074E-01
17.81	-1.1500E-01
17.82	-1.1955E-01
17.83	-1.2454E-01
17.84	-1.2996E-01
17.85	-1.3573E-01
17.86	-1.4170E-01
17.87	-1.4762E-01
17.88	-1.5323E-01
17.89	-1.5822E-01
17.9	-1.6229E-01
17.91	-1.6518E-01
17.92	-1.6669E-01
17.93	-1.6682E-01
17.94	-1.6572E-01
17.95	-1.6366E-01
17.96	-1.6103E-01
17.97	-1.5830E-01
17.98	-1.5589E-01
17.99	-1.5411E-01
18	-1.5313E-01
18.01	-1.5294E-01
18.02	-1.5331E-01
18.03	-1.5382E-01
18.04	-1.5402E-01
18.05	-1.5349E-01
18.06	-1.5189E-01
18.07	-1.4903E-01
18.08	-1.4488E-01
18.09	-1.3954E-01
18.1	-1.3317E-01
18.11	-1.2592E-01
18.12	-1.1804E-01
18.13	-1.0985E-01
18.14	-1.0171E-01
18.15	-9.3992E-02
18.16	-8.7052E-02
18.17	-8.1164E-02
18.18	-7.6412E-02
18.19	-7.2665E-02
18.2	-6.9601E-02
18.21	-6.6733E-02
18.22	-6.3449E-02
18.23	-5.9137E-02
18.24	-5.3353E-02
18.25	-4.5918E-02
18.26	-3.6958E-02
18.27	-2.6900E-02
18.28	-1.6397E-02
18.29	-6.1742E-03
18.3	3.1217E-03
18.31	1.0962E-02
18.32	1.6954E-02
18.33	2.0864E-02
18.34	2.2608E-02
18.35	2.2206E-02
18.36	1.9816E-02
18.37	1.5820E-02
18.38	1.0802E-02
18.39	5.4241E-03
18.4	3.2250E-04
18.41	-3.9822E-03
18.42	-7.2706E-03
18.43	-9.7899E-03
18.44	-1.2208E-02
18.45	-1.5457E-02
18.46	-2.0667E-02
18.47	-2.9099E-02
18.48	-4.1921E-02
18.49	-6.0002E-02
18.5	-8.3935E-02
18.51	-1.1412E-01
18.52	-1.5066E-01
18.53	-1.9332E-01
18.54	-2.4162E-01
18.55	-2.9492E-01
18.56	-3.5229E-01
18.57	-4.1241E-01
18.58	-4.7384E-01
18.59	-5.3526E-01
18.6	-5.9552E-01
18.61	-6.5380E-01
18.62	-7.0978E-01
18.63	-7.6379E-01
18.64	-8.1648E-01
18.65	-8.6852E-01
18.66	-9.2062E-01
18.67	-9.7336E-01
18.68	-1.0270E+00
18.69	-1.0813E+00
18.7	-1.1358E+00
18.71	-1.1899E+00
18.72	-1.2426E+00
18.73	-1.2930E+00
18.74	-1.3398E+00
18.75	-1.3822E+00
18.76	-1.4191E+00
18.77	-1.4497E+00
18.78	-1.4732E+00
18.79	-1.4894E+00
18.8	-1.4980E+00
18.81	-1.4996E+00
18.82	-1.4948E+00
18.83	-1.4846E+00
18.84	-1.4700E+00
18.85	-1.4519E+00
18.86	-1.4306E+00
18.87	-1.4061E+00
18.88	-1.3776E+00
18.89	-1.3446E+00
18.9	-1.3059E+00
18.91	-1.2607E+00
18.92	-1.2080E+00
18.93	-1.1473E+00
18.94	-1.0784E+00
18.95	-1.0013E+00
18.96	-9.1648E-01
18.97	-8.2513E-01
18.98	-7.2871E-01
18.99	-6.2859E-01
19	-5.2621E-01
19.01	-4.2322E-01
19.02	-3.2098E-01
19.03	-2.2009E-01
19.04	-1.2072E-01
19.05	-2.2889E-02
19.06	7.3952E-02
19.07	1.7110E-01
19.08	2.6984E-01
19.09	3.7090E-01
19.1	4.7475E-01
19.11	5.8198E-01
19.12	6.9271E-01
19.13	8.0634E-01
19.14	9.2212E-01
19.15	1.0394E+00
19.16	1.1570E+00
19.17	1.2723E+00
19.18	1.3827E+00
19.19	1.4859E+00
19.2	1.5797E+00
19.21	1.6620E+00
19.22	1.7322E+00
19.23	1.7912E+00
19.24	1.8408E+00
19.25	1.8831E+00
19.26	1.9206E+00
19.27	1.9563E+00
19.28	1.9923E+00
19.29	2.0294E+00
19.3	2.0678E+00
19.31	2.1075E+00
19.32	2.1476E+00
19.33	2.1867E+00
19.34	2.2236E+00
19.35	2.2580E+00
19.36	2.2889E+00
19.37	2.3146E+00
19.38	2.3330E+00
19.39	2.3428E+00
19.4	2.3422E+00
19.41	2.3297E+00
19.42	2.3051E+00
19.43	2.2698E+00
19.44	2.2261E+00
19.45	2.1762E+00
19.46	2.1228E+00
19.47	2.0689E+00
19.48	2.0160E+00
19.49	1.9645E+00
19.5	1.9142E+00
19.51	1.8645E+00
19.52	1.8141E+00
19.53	1.7615E+00
19.54	1.7058E+00
19.55	1.6470E+00
19.56	1.5853E+00
19.57	1.5211E+00
19.58	1.4552E+00
19.59	1.3891E+00
19.6	1.3234E+00
19.61	1.2586E+00
19.62	1.1952E+00
19.63	1.1338E+00
19.64	1.0743E+00
19.65	1.0167E+00
19.66	9.6072E-01
19.67	9.0571E-01
19.68	8.5045E-01
19.69	7.9355E-01
19.7	7.3399E-01
19.71	6.7107E-01
19.72	6.0426E-01
19.73	5.3336E-01
19.74	4.5865E-01
19.75	3.8078E-01
19.76	3.0087E-01
19.77	2.2110E-01
19.78	1.4466E-01
19.79	7.4983E-02
19.8	1.5144E-02
19.81	-3.2557E-02
19.82	-6.7190E-02
19.83	-8.9775E-02
19.84	-1.0315E-01
19.85	-1.1142E-01
19.86	-1.1976E-01
19.87	-1.3409E-01
19.88	-1.6000E-01
19.89	-2.0142E-01
19.9	-2.6015E-01
19.91	-3.3590E-01
19.92	-4.2606E-01
19.93	-5.2601E-01
19.94	-6.3020E-01
19.95	-7.3307E-01
19.96	-8.2915E-01
19.97	-9.1314E-01
19.98	-9.8085E-01
19.99	-1.0300E+00
20	-1.0601E+00
20.01	-1.0728E+00
20.02	-1.0722E+00
20.03	-1.0647E+00
20.04	-1.0576E+00
20.05	-1.0580E+00
20.06	-1.0722E+00
20.07	-1.1051E+00
20.08	-1.1582E+00
20.09	-1.2297E+00
20.1	-1.3144E+00
20.11	-1.4047E+00
20.12	-1.4909E+00
20.13	-1.5628E+00
20.14	-1.6116E+00
20.15	-1.6315E+00
20.16	-1.6197E+00
20.17	-1.5775E+00
20.18	-1.5100E+00
20.19	-1.4257E+00
20.2	-1.3350E+00
20.21	-1.2491E+00
20.22	-1.1788E+00
20.23	-1.1335E+00
20.24	-1.1195E+00
20.25	-1.1387E+00
20.26	-1.1884E+00
20.27	-1.2610E+00
20.28	-1.3446E+00
20.29	-1.4237E+00
20.3	-1.4821E+00
20.31	-1.5055E+00
20.32	-1.4822E+00
20.33	-1.4058E+00
20.34	-1.2756E+00
20.35	-1.0978E+00
20.36	-8.8433E-01
20.37	-6.5215E-01
20.38	-4.2179E-01
20.39	-2.1511E-01
20.4	-5.2074E-02
20.41	5.1771E-02
20.42	8.7103E-02
20.43	5.2108E-02
20.44	-4.6836E-02
20.45	-1.9571E-01
20.46	-3.7443E-01
20.47	-5.5884E-01
20.48	-7.2308E-01
20.49	-8.4292E-01
20.5	-8.9918E-01
20.51	-8.8032E-01
20.52	-7.8356E-01
20.53	-6.1510E-01
20.54	-3.8936E-01
20.55	-1.2709E-01
20.56	1.4724E-01
20.57	4.0796E-01
20.58	6.3054E-01
20.59	7.9415E-01
20.6	8.8421E-01
20.61	8.9411E-01
20.62	8.2579E-01
20.63	6.8945E-01
20.64	5.0243E-01
20.65	2.8712E-01
20.66	6.8147E-02
20.67	-1.3038E-01
20.68	-2.8736E-01
20.69	-3.8716E-01
20.7	-4.2161E-01
20.71	-3.9100E-01
20.72	-3.0363E-01
20.73	-1.7446E-01
20.74	-2.2863E-02
20.75	1.3009E-01
20.76	2.6472E-01
20.77	3.6526E-01
20.78	4.2151E-01
20.79	4.2979E-01
20.8	3.9308E-01
20.81	3.2022E-01
20.82	2.2424E-01
20.83	1.2042E-01
20.84	2.4154E-02
20.85	-5.1279E-02
20.86	-9.6684E-02
20.87	-1.0828E-01
20.88	-8.8113E-02
20.89	-4.3655E-02
20.9	1.3211E-02
20.91	6.7877E-02
20.92	1.0512E-01
20.93	1.1128E-01
20.94	7.6247E-02
20.95	-4.8109E-03
20.96	-1.3016E-01
20.97	-2.9096E-01
20.98	-4.7172E-01
20.99	-6.5181E-01
21	-8.0803E-01
21.01	-9.1778E-01
21.02	-9.6241E-01
21.03	-9.3006E-01
21.04	-8.1776E-01
21.05	-6.3249E-01
21.06	-3.9109E-01
21.07	-1.1872E-01
21.08	1.5383E-01
21.09	3.9383E-01
21.1	5.7064E-01
21.11	6.5961E-01
21.12	6.4510E-01
21.13	5.2248E-01
21.14	2.9885E-01
21.15	-7.5114E-03
21.16	-3.6890E-01
21.17	-7.5077E-01
21.18	-1.1150E+00
21.19	-1.4236E+00
21.2	-1.6430E+00
21.21	-1.7478E+00
21.22	-1.7237E+00
21.23	-1.5695E+00
21.24	-1.2977E+00
21.25	-9.3336E-01
21.26	-5.1208E-01
21.27	-7.6084E-02
21.28	3.2996E-01
21.29	6.6392E-01
21.3	8.9113E-01
21.31	9.8839E-01
21.32	9.4651E-01
21.33	7.7128E-01
21.34	4.8265E-01
21.35	1.1213E-01
21.36	-3.0116E-01
21.37	-7.1511E-01
21.38	-1.0891E+00
21.39	-1.3882E+00
21.4	-1.5868E+00
21.41	-1.6703E+00
21.42	-1.6368E+00
21.43	-1.4958E+00
21.44	-1.2674E+00
21.45	-9.7888E-01
21.46	-6.6186E-01
21.47	-3.4854E-01
21.48	-6.8576E-02
21.49	1.5382E-01
21.5	3.0213E-01
21.51	3.6890E-01
21.52	3.5596E-01
21.53	2.7374E-01
21.54	1.3958E-01
21.55	-2.4847E-02
21.56	-1.9669E-01
21.57	-3.5494E-01
21.58	-4.8294E-01
21.59	-5.7010E-01
21.6	-6.1267E-01
21.61	-6.1320E-01
21.62	-5.7936E-01
21.63	-5.2211E-01
21.64	-4.5362E-01
21.65	-3.8505E-01
21.66	-3.2471E-01
21.67	-2.7693E-01
21.68	-2.4186E-01
21.69	-2.1577E-01
21.7	-1.9210E-01
21.71	-1.6284E-01
21.72	-1.2005E-01
21.73	-5.7221E-02
21.74	2.9573E-02
21.75	1.4094E-01
21.76	2.7373E-01
21.77	4.2108E-01
21.78	5.7273E-01
21.79	7.1600E-01
21.8	8.3724E-01
21.81	9.2379E-01
21.82	9.6593E-01
21.83	9.5854E-01
21.84	9.0227E-01
21.85	8.0399E-01
21.86	6.7626E-01
21.87	5.3596E-01
21.88	4.0226E-01
21.89	2.9429E-01
21.9	2.2880E-01
21.91	2.1805E-01
21.92	2.6833E-01
21.93	3.7906E-01
21.94	5.4286E-01
21.95	7.4633E-01
21.96	9.7157E-01
21.97	1.1980E+00
21.98	1.4047E+00
21.99	1.5720E+00
22	1.6841E+00
22.01	1.7303E+00
22.02	1.7059E+00
22.03	1.6131E+00
22.04	1.4603E+00
22.05	1.2619E+00
22.06	1.0363E+00
22.07	8.0456E-01
22.08	5.8786E-01
22.09	4.0562E-01
22.1	2.7343E-01
22.11	2.0152E-01
22.12	1.9371E-01
22.13	2.4715E-01
22.14	3.5273E-01
22.15	4.9621E-01
22.16	6.5985E-01
22.17	8.2434E-01
22.18	9.7095E-01
22.19	1.0835E+00
22.2	1.1497E+00
22.21	1.1624E+00
22.22	1.1198E+00
22.23	1.0253E+00
22.24	8.8662E-01
22.25	7.1508E-01
22.26	5.2402E-01
22.27	3.2759E-01
22.28	1.3934E-01
22.29	-2.8842E-02
22.3	-1.6771E-01
22.31	-2.7130E-01
22.32	-3.3733E-01
22.33	-3.6722E-01
22.34	-3.6566E-01
22.35	-3.3992E-01
22.36	-2.9886E-01
22.37	-2.5179E-01
22.38	-2.0719E-01
22.39	-1.7178E-01
22.4	-1.4976E-01
22.41	-1.4260E-01
22.42	-1.4918E-01
22.43	-1.6639E-01
22.44	-1.8999E-01
22.45	-2.1541E-01
22.46	-2.3852E-01
22.47	-2.5613E-01
22.48	-2.6624E-01
22.49	-2.6804E-01
22.5	-2.6184E-01
22.51	-2.4894E-01
22.52	-2.3139E-01
22.53	-2.1166E-01
22.54	-1.9249E-01
22.55	-1.7668E-01
22.56	-1.6675E-01
22.57	-1.6449E-01
22.58	-1.7073E-01
22.59	-1.8531E-01
22.6	-2.0701E-01
22.61	-2.3363E-01
22.62	-2.6235E-01
22.63	-2.9016E-01
22.64	-3.1418E-01
22.65	-3.3199E-01
22.66	-3.4201E-01
22.67	-3.4363E-01
22.68	-3.3700E-01
22.69	-3.2274E-01
22.7	-3.0178E-01
22.71	-2.7526E-01
22.72	-2.4409E-01
22.73	-2.0875E-01
22.74	-1.6943E-01
22.75	-1.2623E-01
22.76	-7.9229E-02
22.77	-2.8578E-02
22.78	2.5086E-02
22.79	8.0379E-02
22.8	1.3530E-01
22.81	1.8737E-01
22.82	2.3359E-01
22.83	2.7061E-01
22.84	2.9530E-01
22.85	3.0518E-01
22.86	2.9849E-01
22.87	2.7432E-01
22.88	2.3304E-01
22.89	1.7645E-01
22.9	1.0746E-01
22.91	2.9951E-02
22.92	-5.1185E-02
22.93	-1.3024E-01
22.94	-2.0135E-01
22.95	-2.5903E-01
22.96	-2.9854E-01
22.97	-3.1626E-01
22.98	-3.1042E-01
22.99	-2.8144E-01
23	-2.3159E-01
23.01	-1.6467E-01
23.02	-8.5720E-02
23.03	-5.1742E-04
23.04	8.5220E-02
23.05	1.6638E-01
23.06	2.3855E-01
23.07	2.9816E-01
23.08	3.4295E-01
23.09	3.7198E-01
23.1	3.8535E-01
23.11	3.8399E-01
23.12	3.6979E-01
23.13	3.4537E-01
23.14	3.1372E-01
23.15	2.7790E-01
23.16	2.4096E-01
23.17	2.0572E-01
23.18	1.7421E-01
23.19	1.4752E-01
23.2	1.2597E-01
23.21	1.0917E-01
23.22	9.6087E-02
23.23	8.5353E-02
23.24	7.5775E-02
23.25	6.6526E-02
23.26	5.7057E-02
23.27	4.7111E-02
23.28	3.6822E-02
23.29	2.6596E-02
23.3	1.6861E-02
23.31	8.0192E-03
23.32	5.1312E-04
23.33	-5.2613E-03
23.34	-9.0666E-03
23.35	-1.0712E-02
23.36	-9.8845E-03
23.37	-6.1755E-03
23.38	8.0006E-04
23.39	1.1357E-02
23.4	2.5631E-02
23.41	4.3344E-02
23.42	6.3672E-02
23.43	8.5335E-02
23.44	1.0669E-01
23.45	1.2574E-01
23.46	1.4028E-01
23.47	1.4809E-01
23.48	1.4711E-01
23.49	1.3554E-01
23.5	1.1201E-01
23.51	7.5852E-02
23.52	2.7194E-02
23.53	-3.3152E-02
23.54	-1.0365E-01
23.55	-1.8191E-01
23.56	-2.6479E-01
23.57	-3.4849E-01
23.58	-4.2860E-01
23.59	-5.0027E-01
23.6	-5.5864E-01
23.61	-5.9949E-01
23.62	-6.1959E-01
23.63	-6.1700E-01
23.64	-5.9141E-01
23.65	-5.4423E-01
23.66	-4.7829E-01
23.67	-3.9758E-01
23.68	-3.0703E-01
23.69	-2.1224E-01
23.7	-1.1895E-01
23.71	-3.2521E-02
23.72	4.2268E-02
23.73	1.0138E-01
23.74	1.4182E-01
23.75	1.6187E-01
23.76	1.6105E-01
23.77	1.4006E-01
23.78	1.0102E-01
23.79	4.7469E-02
23.8	-1.5985E-02
23.81	-8.4052E-02
23.82	-1.5111E-01
23.83	-2.1165E-01
23.84	-2.6088E-01
23.85	-2.9506E-01
23.86	-3.1150E-01
23.87	-3.0857E-01
23.88	-2.8581E-01
23.89	-2.4390E-01
23.9	-1.8434E-01
23.91	-1.0938E-01
23.92	-2.1979E-02
23.93	7.4269E-02
23.94	1.7547E-01
23.95	2.7764E-01
23.96	3.7676E-01
23.97	4.6897E-01
23.98	5.5097E-01
23.99	6.2021E-01
24	6.7497E-01
24.01	7.1437E-01
24.02	7.3841E-01
24.03	7.4778E-01
24.04	7.4372E-01
24.05	7.2798E-01
24.06	7.0289E-01
24.07	6.7131E-01
24.08	6.3637E-01
24.09	6.0126E-01
24.1	5.6897E-01
24.11	5.4195E-01
24.12	5.2195E-01
24.13	5.1006E-01
24.14	5.0693E-01
24.15	5.1276E-01
24.16	5.2725E-01
24.17	5.4962E-01
24.18	5.7854E-01
24.19	6.1213E-01
24.2	6.4807E-01
24.21	6.8384E-01
24.22	7.1701E-01
24.23	7.4538E-01
24.24	7.6723E-01
24.25	7.8149E-01
24.26	7.8786E-01
24.27	7.8676E-01
24.28	7.7931E-01
24.29	7.6710E-01
24.3	7.5186E-01
24.31	7.3505E-01
24.32	7.1766E-01
24.33	7.0020E-01
24.34	6.8269E-01
24.35	6.6474E-01
24.36	6.4562E-01
24.37	6.2441E-01
24.38	5.9989E-01
24.39	5.7051E-01
24.4	5.3468E-01
24.41	4.9105E-01
24.42	4.3885E-01
24.43	3.7805E-01
24.44	3.0963E-01
24.45	2.3553E-01
24.46	1.5837E-01
24.47	8.1231E-02
24.48	7.3786E-03
24.49	-5.9940E-02
24.5	-1.1788E-01
24.51	-1.6426E-01
24.52	-1.9777E-01
24.53	-2.1796E-01
24.54	-2.2539E-01
24.55	-2.2151E-01
24.56	-2.0847E-01
24.57	-1.8900E-01
24.58	-1.6637E-01
24.59	-1.4424E-01
24.6	-1.2643E-01
24.61	-1.1653E-01
24.62	-1.1768E-01
24.63	-1.3216E-01
24.64	-1.6123E-01
24.65	-2.0505E-01
24.66	-2.6299E-01
24.67	-3.3374E-01
24.68	-4.1538E-01
24.69	-5.0542E-01
24.7	-6.0088E-01
24.71	-6.9829E-01
24.72	-7.9377E-01
24.73	-8.8330E-01
24.74	-9.6310E-01
24.75	-1.0299E+00
24.76	-1.0810E+00
24.77	-1.1145E+00
24.78	-1.1293E+00
24.79	-1.1252E+00
24.8	-1.1030E+00
24.81	-1.0640E+00
24.82	-1.0104E+00
24.83	-9.4492E-01
24.84	-8.7063E-01
24.85	-7.9094E-01
24.86	-7.0953E-01
24.87	-6.3017E-01
24.88	-5.5644E-01
24.89	-4.9155E-01
24.9	-4.3813E-01
24.91	-3.9791E-01
24.92	-3.7160E-01
24.93	-3.5897E-01
24.94	-3.5911E-01
24.95	-3.7060E-01
24.96	-3.9161E-01
24.97	-4.1995E-01
24.98	-4.5314E-01
24.99	-4.8840E-01
25	-5.2271E-01
25.01	-5.5300E-01
25.02	-5.7655E-01
25.03	-5.9113E-01
25.04	-5.9512E-01
25.05	-5.8753E-01
25.06	-5.6803E-01
25.07	-5.3684E-01
25.08	-4.9463E-01
25.09	-4.4247E-01
25.1	-3.8188E-01
25.11	-3.1469E-01
25.12	-2.4298E-01
25.13	-1.6890E-01
25.14	-9.4772E-02
25.15	-2.2912E-02
25.16	4.4549E-02
25.17	1.0580E-01
25.18	1.5946E-01
25.19	2.0469E-01
25.2	2.4130E-01
25.21	2.6960E-01
25.22	2.9014E-01
25.23	3.0352E-01
25.24	3.1032E-01
25.25	3.1108E-01
25.26	3.0632E-01
25.27	2.9665E-01
25.28	2.8283E-01
25.29	2.6572E-01
25.3	2.4609E-01
25.31	2.2459E-01
25.32	2.0172E-01
25.33	1.7786E-01
25.34	1.5340E-01
25.35	1.2889E-01
25.36	1.0519E-01
25.37	8.3388E-02
25.38	6.4718E-02
25.39	5.0476E-02
25.4	4.1854E-02
25.41	3.9748E-02
25.42	4.4659E-02
25.43	5.6683E-02
25.44	7.5462E-02
25.45	1.0014E-01
25.46	1.2944E-01
25.47	1.6182E-01
25.48	1.9546E-01
25.49	2.2821E-01
25.5	2.5770E-01
25.51	2.8146E-01
25.52	2.9698E-01
25.53	3.0187E-01
25.54	2.9423E-01
25.55	2.7302E-01
25.56	2.3818E-01
25.57	1.9056E-01
25.58	1.3192E-01
25.59	6.4776E-02
25.6	-7.9254E-03
25.61	-8.3073E-02
25.62	-1.5737E-01
25.63	-2.2738E-01
25.64	-2.8981E-01
25.65	-3.4178E-01
25.66	-3.8096E-01
25.67	-4.0571E-01
25.68	-4.1545E-01
25.69	-4.1076E-01
25.7	-3.9315E-01
25.71	-3.6470E-01
25.72	-3.2805E-01
25.73	-2.8625E-01
25.74	-2.4231E-01
25.75	-1.9900E-01
25.76	-1.5886E-01
25.77	-1.2420E-01
25.78	-9.6780E-02
25.79	-7.7729E-02
25.8	-6.7648E-02
25.81	-6.6662E-02
25.82	-7.4210E-02
25.83	-8.9004E-02
25.84	-1.0933E-01
25.85	-1.3329E-01
25.86	-1.5889E-01
25.87	-1.8425E-01
25.88	-2.0807E-01
25.89	-2.2967E-01
25.9	-2.4870E-01
25.91	-2.6483E-01
25.92	-2.7786E-01
25.93	-2.8760E-01
25.94	-2.9379E-01
25.95	-2.9614E-01
25.96	-2.9464E-01
25.97	-2.8959E-01
25.98	-2.8134E-01
25.99	-2.7018E-01
26	-2.5643E-01
26.01	-2.4051E-01
26.02	-2.2276E-01
26.03	-2.0343E-01
26.04	-1.8294E-01
26.05	-1.6189E-01
26.06	-1.4085E-01
26.07	-1.2037E-01
26.08	-1.0114E-01
26.09	-8.3959E-02
26.1	-6.9498E-02
26.11	-5.8192E-02
26.12	-5.0291E-02
26.13	-4.5840E-02
26.14	-4.4583E-02
26.15	-4.6108E-02
26.16	-5.0155E-02
26.17	-5.6685E-02
26.18	-6.5691E-02
26.19	-7.7091E-02
26.2	-9.0774E-02
26.21	-1.0656E-01
26.22	-1.2412E-01
26.23	-1.4303E-01
26.24	-1.6303E-01
26.25	-1.8389E-01
26.26	-2.0522E-01
26.27	-2.2636E-01
26.28	-2.4638E-01
26.29	-2.6423E-01
26.3	-2.7873E-01
26.31	-2.8871E-01
26.32	-2.9328E-01
26.33	-2.9189E-01
26.34	-2.8422E-01
26.35	-2.7027E-01
26.36	-2.5044E-01
26.37	-2.2560E-01
26.38	-1.9698E-01
26.39	-1.6615E-01
26.4	-1.3499E-01
26.41	-1.0549E-01
26.42	-7.9511E-02
26.43	-5.8689E-02
26.44	-4.4437E-02
26.45	-3.7864E-02
26.46	-3.9564E-02
26.47	-4.9489E-02
26.48	-6.6933E-02
26.49	-9.0542E-02
26.5	-1.1844E-01
26.51	-1.4852E-01
26.52	-1.7879E-01
26.53	-2.0751E-01
26.54	-2.3317E-01
26.55	-2.5447E-01
26.56	-2.7038E-01
26.57	-2.8016E-01
26.58	-2.8340E-01
26.59	-2.8013E-01
26.6	-2.7093E-01
26.61	-2.5672E-01
26.62	-2.3861E-01
26.63	-2.1773E-01
26.64	-1.9521E-01
26.65	-1.7207E-01
26.66	-1.4917E-01
26.67	-1.2725E-01
26.68	-1.0686E-01
26.69	-8.8300E-02
26.7	-7.1590E-02
26.71	-5.6609E-02
26.72	-4.3228E-02
26.73	-3.1352E-02
26.74	-2.0922E-02
26.75	-1.1930E-02
26.76	-4.3648E-03
26.77	1.8949E-03
26.78	7.0748E-03
26.79	1.1391E-02
26.8	1.4998E-02
26.81	1.8040E-02
26.82	2.0655E-02
26.83	2.2955E-02
26.84	2.5084E-02
26.85	2.7295E-02
26.86	2.9864E-02
26.87	3.2942E-02
26.88	3.6595E-02
26.89	4.0948E-02
26.9	4.6222E-02
26.91	5.2679E-02
26.92	6.0670E-02
26.93	7.0643E-02
26.94	8.2936E-02
26.95	9.7569E-02
26.96	1.1431E-01
26.97	1.3286E-01
26.98	1.5284E-01
26.99	1.7374E-01
27	1.9511E-01
27.01	2.1665E-01
27.02	2.3804E-01
27.03	2.5880E-01
27.04	2.7837E-01
27.05	2.9627E-01
27.06	3.1203E-01
27.07	3.2506E-01
27.08	3.3487E-01
27.09	3.4133E-01
27.1	3.4456E-01
27.11	3.4483E-01
27.12	3.4278E-01
27.13	3.3944E-01
27.14	3.3596E-01
27.15	3.3319E-01
27.16	3.3182E-01
27.17	3.3242E-01
27.18	3.3522E-01
27.19	3.4004E-01
27.2	3.4650E-01
27.21	3.5428E-01
27.22	3.6282E-01
27.23	3.7120E-01
27.24	3.7841E-01
27.25	3.8359E-01
27.26	3.8596E-01
27.27	3.8481E-01
27.28	3.7984E-01
27.29	3.7139E-01
27.3	3.6011E-01
27.31	3.4678E-01
27.32	3.3246E-01
27.33	3.1851E-01
27.34	3.0610E-01
27.35	2.9598E-01
27.36	2.8861E-01
27.37	2.8420E-01
27.38	2.8247E-01
27.39	2.8260E-01
27.4	2.8357E-01
27.41	2.8440E-01
27.42	2.8397E-01
27.43	2.8097E-01
27.44	2.7436E-01
27.45	2.6355E-01
27.46	2.4827E-01
27.47	2.2857E-01
27.48	2.0508E-01
27.49	1.7893E-01
27.5	1.5141E-01
27.51	1.2365E-01
27.52	9.6735E-02
27.53	7.1666E-02
27.54	4.9047E-02
27.55	2.9072E-02
27.56	1.1788E-02
27.57	-2.8368E-03
27.58	-1.5098E-02
27.59	-2.5544E-02
27.6	-3.4711E-02
27.61	-4.3043E-02
27.62	-5.1007E-02
27.63	-5.9003E-02
27.64	-6.7101E-02
27.65	-7.5019E-02
27.66	-8.2324E-02
27.67	-8.8522E-02
27.68	-9.3027E-02
27.69	-9.5339E-02
27.7	-9.5318E-02
27.71	-9.3217E-02
27.72	-8.9558E-02
27.73	-8.5073E-02
27.74	-8.0685E-02
27.75	-7.7281E-02
27.76	-7.5474E-02
27.77	-7.5558E-02
27.78	-7.7580E-02
27.79	-8.1338E-02
27.8	-8.6390E-02
27.81	-9.2192E-02
27.82	-9.8205E-02
27.83	-1.0384E-01
27.84	-1.0846E-01
27.85	-1.1145E-01
27.86	-1.1240E-01
27.87	-1.1104E-01
27.88	-1.0744E-01
27.89	-1.0206E-01
27.9	-9.5801E-02
27.91	-8.9754E-02
27.92	-8.5033E-02
27.93	-8.2618E-02
27.94	-8.3135E-02
27.95	-8.6658E-02
27.96	-9.2709E-02
27.97	-1.0040E-01
27.98	-1.0847E-01
27.99	-1.1544E-01
28	-1.1977E-01
28.01	-1.2018E-01
28.02	-1.1575E-01
28.03	-1.0590E-01
28.04	-9.0591E-02
28.05	-7.0394E-02
28.06	-4.6397E-02
28.07	-2.0100E-02
28.08	6.5643E-03
28.09	3.1286E-02
28.1	5.1678E-02
28.11	6.5608E-02
28.12	7.1418E-02
28.13	6.8133E-02
28.14	5.5755E-02
28.15	3.5351E-02
28.16	8.8330E-03
28.17	-2.1322E-02
28.18	-5.2276E-02
28.19	-8.1103E-02
28.2	-1.0519E-01
28.21	-1.2252E-01
28.22	-1.3169E-01
28.23	-1.3202E-01
28.24	-1.2361E-01
28.25	-1.0739E-01
28.26	-8.4905E-02
28.27	-5.8096E-02
28.28	-2.9247E-02
28.29	-7.5614E-04
28.3	2.5214E-02
28.31	4.6981E-02
28.32	6.3443E-02
28.33	7.4194E-02
28.34	7.9606E-02
28.35	8.0716E-02
28.36	7.8931E-02
28.37	7.5779E-02
28.38	7.2714E-02
28.39	7.0902E-02
28.4	7.1039E-02
28.41	7.3353E-02
28.42	7.7707E-02
28.43	8.3649E-02
28.44	9.0455E-02
28.45	9.7267E-02
28.46	1.0325E-01
28.47	1.0767E-01
28.48	1.1002E-01
28.49	1.1008E-01
28.5	1.0812E-01
28.51	1.0476E-01
28.52	1.0095E-01
28.53	9.7823E-02
28.54	9.6587E-02
28.55	9.8225E-02
28.56	1.0335E-01
28.57	1.1214E-01
28.58	1.2424E-01
28.59	1.3880E-01
28.6	1.5454E-01
28.61	1.7005E-01
28.62	1.8390E-01
28.63	1.9481E-01
28.64	2.0179E-01
28.65	2.0430E-01
28.66	2.0225E-01
28.67	1.9594E-01
28.68	1.8611E-01
28.69	1.7391E-01
28.7	1.6078E-01
28.71	1.4824E-01
28.72	1.3775E-01
28.73	1.3056E-01
28.74	1.2746E-01
28.75	1.2859E-01
28.76	1.3347E-01
28.77	1.4111E-01
28.78	1.5007E-01
28.79	1.5869E-01
28.8	1.6533E-01
28.81	1.6868E-01
28.82	1.6784E-01
28.83	1.6235E-01
28.84	1.5236E-01
28.85	1.3856E-01
28.86	1.2211E-01
28.87	1.0444E-01
28.88	8.7229E-02
28.89	7.2216E-02
28.9	6.0985E-02
28.91	5.4705E-02
28.92	5.4028E-02
28.93	5.8968E-02
28.94	6.8779E-02
28.95	8.1994E-02
28.96	9.6680E-02
28.97	1.1071E-01
28.98	1.2200E-01
28.99	1.2874E-01
29	1.2970E-01
29.01	1.2436E-01
29.02	1.1288E-01
29.03	9.6007E-02
29.04	7.5014E-02
29.05	5.1533E-02
29.06	2.7344E-02
29.07	4.2219E-03
29.08	-1.6137E-02
29.09	-3.2242E-02
29.1	-4.2989E-02
29.11	-4.7776E-02
29.12	-4.6538E-02
29.13	-3.9780E-02
29.14	-2.8598E-02
29.15	-1.4541E-02
29.16	6.2767E-04
29.17	1.5181E-02
29.18	2.7636E-02
29.19	3.6955E-02
29.2	4.2664E-02
29.21	4.4816E-02
29.22	4.3862E-02
29.23	4.0504E-02
29.24	3.5566E-02
29.25	2.9844E-02
29.26	2.4002E-02
29.27	1.8539E-02
29.28	1.3785E-02
29.29	9.8770E-03
29.3	6.7412E-03
29.31	4.1048E-03
29.32	1.5108E-03
29.33	-1.6549E-03
29.34	-6.0746E-03
29.35	-1.2357E-02
29.36	-2.0912E-02
29.37	-3.1863E-02
29.38	-4.4973E-02
29.39	-5.9624E-02
29.4	-7.4903E-02
29.41	-8.9758E-02
29.42	-1.0312E-01
29.43	-1.1402E-01
29.44	-1.2171E-01
29.45	-1.2574E-01
29.46	-1.2600E-01
29.47	-1.2265E-01
29.48	-1.1613E-01
29.49	-1.0720E-01
29.5	-9.6803E-02
29.51	-8.6038E-02
29.52	-7.6088E-02
29.53	-6.8144E-02
29.54	-6.3206E-02
29.55	-6.1910E-02
29.56	-6.4473E-02
29.57	-7.0711E-02
29.58	-8.0031E-02
29.59	-9.1529E-02
29.6	-1.0421E-01
29.61	-1.1719E-01
29.62	-1.2974E-01
29.63	-1.4132E-01
29.64	-1.5162E-01
29.65	-1.6060E-01
29.66	-1.6840E-01
29.67	-1.7523E-01
29.68	-1.8140E-01
29.69	-1.8737E-01
29.7	-1.9358E-01
29.71	-2.0033E-01
29.72	-2.0781E-01
29.73	-2.1606E-01
29.74	-2.2484E-01
29.75	-2.3356E-01
29.76	-2.4142E-01
29.77	-2.4751E-01
29.78	-2.5088E-01
29.79	-2.5060E-01
29.8	-2.4605E-01
29.81	-2.3699E-01
29.82	-2.2361E-01
29.83	-2.0642E-01
29.84	-1.8633E-01
29.85	-1.6462E-01
29.86	-1.4272E-01
29.87	-1.2206E-01
29.88	-1.0406E-01
29.89	-9.0059E-02
29.9	-8.1085E-02
29.91	-7.7682E-02
29.92	-7.9939E-02
29.93	-8.7477E-02
29.94	-9.9363E-02
29.95	-1.1417E-01
29.96	-1.3022E-01
29.97	-1.4584E-01
29.98	-1.5941E-01
29.99	-1.6951E-01
30	-1.7513E-01
30.01	-1.7577E-01
30.02	-1.7137E-01
30.03	-1.6219E-01
30.04	-1.4888E-01
30.05	-1.3242E-01
30.06	-1.1390E-01
30.07	-9.4353E-02
30.08	-7.4827E-02
30.09	-5.6274E-02
30.1	-3.9393E-02
30.11	-2.4560E-02
30.12	-1.1905E-02
30.13	-1.3267E-03
30.14	7.5751E-03
30.15	1.5413E-02
30.16	2.2765E-02
30.17	3.0018E-02
30.18	3.7343E-02
30.19	4.4622E-02
30.2	5.1370E-02
30.21	5.6831E-02
30.22	6.0228E-02
30.23	6.0914E-02
30.24	5.8437E-02
30.25	5.2670E-02
30.26	4.3949E-02
30.27	3.3047E-02
30.28	2.1029E-02
30.29	9.1543E-03
30.3	-1.1803E-03
30.31	-8.6161E-03
30.32	-1.2047E-02
30.33	-1.0731E-02
30.34	-4.3495E-03
30.35	6.9005E-03
30.36	2.2236E-02
30.37	4.0377E-02
30.38	5.9704E-02
30.39	7.8375E-02
30.4	9.4486E-02
30.41	1.0633E-01
30.42	1.1267E-01
30.43	1.1278E-01
30.44	1.0660E-01
30.45	9.4691E-02
30.46	7.8211E-02
30.47	5.8685E-02
30.48	3.7800E-02
30.49	1.7264E-02
30.5	-1.3431E-03
30.51	-1.6756E-02
30.52	-2.8114E-02
30.53	-3.4972E-02
30.54	-3.7331E-02
30.55	-3.5686E-02
30.56	-3.0942E-02
30.57	-2.4247E-02
30.58	-1.6844E-02
30.59	-9.9434E-03
30.6	-4.5321E-03
30.61	-1.1808E-03
30.62	3.3600E-06
30.63	-6.8286E-04
30.64	-2.5875E-03
30.65	-4.7772E-03
30.66	-6.2254E-03
30.67	-6.0322E-03
30.68	-3.5447E-03
30.69	1.5807E-03
30.7	9.2898E-03
30.71	1.9095E-02
30.72	3.0182E-02
30.73	4.1553E-02
30.74	5.2118E-02
30.75	6.0773E-02
30.76	6.6567E-02
30.77	6.8839E-02
30.78	6.7255E-02
30.79	6.1814E-02
30.8	5.2921E-02
30.81	4.1417E-02
30.82	2.8474E-02
30.83	1.5444E-02
30.84	3.7263E-03
30.85	-5.3952E-03
30.86	-1.0967E-02
30.87	-1.2510E-02
30.88	-1.0032E-02
30.89	-3.9799E-03
30.9	4.7964E-03
30.91	1.5131E-02
30.92	2.5713E-02
30.93	3.5241E-02
30.94	4.2530E-02
30.95	4.6617E-02
30.96	4.6911E-02
30.97	4.3292E-02
30.98	3.6114E-02
30.99	2.6171E-02
31	1.4638E-02
31.01	2.9484E-03
31.02	-7.4212E-03
31.03	-1.5177E-02
31.04	-1.9381E-02
31.05	-1.9588E-02
31.06	-1.5955E-02
31.07	-9.2417E-03
31.08	-6.7306E-04
31.09	8.2576E-03
31.1	1.5997E-02
31.11	2.1136E-02
31.12	2.2585E-02
31.13	1.9673E-02
31.14	1.2157E-02
31.15	1.9917E-04
31.16	-1.5655E-02
31.17	-3.4509E-02
31.18	-5.5182E-02
31.19	-7.6302E-02
31.2	-9.6411E-02
31.21	-1.1412E-01
31.22	-1.2825E-01
31.23	-1.3804E-01
31.24	-1.4316E-01
31.25	-1.4378E-01
31.26	-1.4052E-01
31.27	-1.3434E-01
31.28	-1.2640E-01
31.29	-1.1787E-01
31.3	-1.0976E-01
31.31	-1.0282E-01
31.32	-9.7454E-02
31.33	-9.3711E-02
31.34	-9.1350E-02
31.35	-8.9930E-02
31.36	-8.8932E-02
31.37	-8.7839E-02
31.38	-8.6211E-02
31.39	-8.3766E-02
31.4	-8.0438E-02
31.41	-7.6422E-02
31.42	-7.2188E-02
31.43	-6.8456E-02
31.44	-6.6107E-02
31.45	-6.6019E-02
31.46	-6.8879E-02
31.47	-7.5021E-02
31.48	-8.4313E-02
31.49	-9.6110E-02
31.5	-1.0931E-01
31.51	-1.2250E-01
31.52	-1.3416E-01
31.53	-1.4284E-01
31.54	-1.4730E-01
31.55	-1.4666E-01
31.56	-1.4049E-01
31.57	-1.2884E-01
31.58	-1.1219E-01
31.59	-9.1511E-02
31.6	-6.8154E-02
31.61	-4.3795E-02
31.62	-2.0275E-02
31.63	5.5719E-04
31.64	1.7029E-02
31.65	2.7864E-02
31.66	3.2349E-02
31.67	3.0429E-02
31.68	2.2714E-02
31.69	1.0427E-02
31.7	-4.7551E-03
31.71	-2.0932E-02
31.72	-3.6229E-02
31.73	-4.8996E-02
31.74	-5.7979E-02
31.75	-6.2439E-02
31.76	-6.2182E-02
31.77	-5.7506E-02
31.78	-4.9106E-02
31.79	-3.7987E-02
31.8	-2.5338E-02
31.81	-1.2386E-02
31.82	-2.5643E-04
31.83	1.0112E-02
31.84	1.8068E-02
31.85	2.3321E-02
31.86	2.5964E-02
31.87	2.6392E-02
31.88	2.5200E-02
31.89	2.3075E-02
31.9	2.0661E-02
31.91	1.8428E-02
31.92	1.6624E-02
31.93	1.5284E-02
31.94	1.4278E-02
31.95	1.3345E-02
31.96	1.2186E-02
31.97	1.0556E-02
31.98	8.3174E-03
31.99	5.4318E-03
32	1.9698E-03
32.01	-1.8622E-03
32.02	-5.7346E-03
32.03	-9.2350E-03
32.04	-1.1885E-02
32.05	-1.3154E-02
32.06	-1.2539E-02
32.07	-9.6839E-03
32.08	-4.4619E-03
32.09	2.9808E-03
32.1	1.2175E-02
32.11	2.2317E-02
32.12	3.2372E-02
32.13	4.1259E-02
32.14	4.8005E-02
32.15	5.1874E-02
32.16	5.2494E-02
32.17	4.9943E-02
32.18	4.4693E-02
32.19	3.7496E-02
32.2	2.9284E-02
32.21	2.1092E-02
32.22	1.3926E-02
32.23	8.6239E-03
32.24	5.8111E-03
32.25	5.8800E-03
32.26	8.9248E-03
32.27	1.4681E-02
32.28	2.2560E-02
32.29	3.1728E-02
32.3	4.1163E-02
32.31	4.9729E-02
32.32	5.6365E-02
32.33	6.0267E-02
32.34	6.0994E-02
32.35	5.8502E-02
32.36	5.3191E-02
32.37	4.5874E-02
32.38	3.7623E-02
32.39	2.9552E-02
32.4	2.2689E-02
32.41	1.7864E-02
32.42	1.5591E-02
32.43	1.5995E-02
32.44	1.8853E-02
32.45	2.3688E-02
32.46	2.9799E-02
32.47	3.6312E-02
32.48	4.2307E-02
32.49	4.6956E-02
32.5	4.9589E-02
32.51	4.9754E-02
32.52	4.7337E-02
32.53	4.2648E-02
32.54	3.6375E-02
32.55	2.9468E-02
32.56	2.3038E-02
32.57	1.8218E-02
32.58	1.5944E-02
32.59	1.6778E-02
32.6	2.0841E-02
32.61	2.7822E-02
32.62	3.6992E-02
32.63	4.7279E-02
32.64	5.7454E-02
32.65	6.6316E-02
32.66	7.2818E-02
32.67	7.6154E-02
32.68	7.5889E-02
32.69	7.2025E-02
32.7	6.4958E-02
32.71	5.5413E-02
32.72	4.4392E-02
32.73	3.3094E-02
32.74	2.2756E-02
32.75	1.4485E-02
32.76	9.1596E-03
32.77	7.3478E-03
32.78	9.2089E-03
32.79	1.4457E-02
32.8	2.2439E-02
32.81	3.2265E-02
32.82	4.2912E-02
32.83	5.3328E-02
32.84	6.2584E-02
32.85	6.9996E-02
32.86	7.5164E-02
32.87	7.7997E-02
32.88	7.8733E-02
32.89	7.7923E-02
32.9	7.6323E-02
32.91	7.4764E-02
32.92	7.4050E-02
32.93	7.4835E-02
32.94	7.7468E-02
32.95	8.1894E-02
32.96	8.7636E-02
32.97	9.3852E-02
32.98	9.9417E-02
32.99	1.0309E-01
33	1.0373E-01
33.01	1.0057E-01
33.02	9.3317E-02
33.03	8.2222E-02
33.04	6.8111E-02
33.05	5.2267E-02
33.06	3.6229E-02
33.07	2.1562E-02
33.08	9.6718E-03
33.09	1.6635E-03
33.1	-1.7636E-03
33.11	-3.6924E-04
33.12	5.6318E-03
33.13	1.5580E-02
33.14	2.8382E-02
33.15	4.2570E-02
33.16	5.6417E-02
33.17	6.8102E-02
33.18	7.5896E-02
33.19	7.8381E-02
33.2	7.4674E-02
33.21	6.4584E-02
33.22	4.8666E-02
33.23	2.8172E-02
33.24	4.9085E-03
33.25	-1.8990E-02
33.26	-4.1345E-02
33.27	-6.0218E-02
33.28	-7.4125E-02
33.29	-8.2173E-02
33.3	-8.4132E-02
33.31	-8.0429E-02
33.32	-7.2060E-02
33.33	-6.0468E-02
33.34	-4.7386E-02
33.35	-3.4665E-02
33.36	-2.4065E-02
33.37	-1.7052E-02
33.38	-1.4639E-02
33.39	-1.7257E-02
33.4	-2.4699E-02
33.41	-3.6140E-02
33.42	-5.0263E-02
33.43	-6.5445E-02
33.44	-7.9958E-02
33.45	-9.2181E-02
33.46	-1.0079E-01
33.47	-1.0492E-01
33.48	-1.0420E-01
33.49	-9.8766E-02
33.5	-8.9226E-02
33.51	-7.6551E-02
33.52	-6.1956E-02
33.53	-4.6747E-02
33.54	-3.2197E-02
33.55	-1.9430E-02
33.56	-9.2944E-03
33.57	-2.2487E-03
33.58	1.6794E-03
33.59	2.8685E-03
33.6	2.0350E-03
33.61	1.1118E-04
33.62	-1.9390E-03
33.63	-3.3074E-03
33.64	-3.4644E-03
33.65	-2.2091E-03
33.66	3.3043E-04
33.67	3.7543E-03
33.68	7.5121E-03
33.69	1.1035E-02
33.7	1.3824E-02
33.71	1.5510E-02
33.72	1.5912E-02
33.73	1.5083E-02
33.74	1.3296E-02
33.75	1.1009E-02
33.76	8.8444E-03
33.77	7.5576E-03
33.78	7.9511E-03
33.79	1.0753E-02
33.8	1.6502E-02
33.81	2.5446E-02
33.82	3.7439E-02
33.83	5.1874E-02
33.84	6.7723E-02
33.85	8.3640E-02
33.86	9.8113E-02
33.87	1.0965E-01
33.88	1.1699E-01
33.89	1.1926E-01
33.9	1.1610E-01
33.91	1.0766E-01
33.92	9.4577E-02
33.93	7.7951E-02
33.94	5.9201E-02
33.95	3.9939E-02
33.96	2.1828E-02
33.97	6.4426E-03
33.98	-4.8841E-03
33.99	-1.1215E-02
34	-1.2120E-02
34.01	-7.7153E-03
34.02	1.3339E-03
34.03	1.3868E-02
34.04	2.8353E-02
34.05	4.3057E-02
34.06	5.6239E-02
34.07	6.6322E-02
34.08	7.2059E-02
34.09	7.2669E-02
34.1	6.7896E-02
34.11	5.8005E-02
34.12	4.3719E-02
34.13	2.6140E-02
34.14	6.6371E-03
34.15	-1.3281E-02
34.16	-3.2110E-02
34.17	-4.8478E-02
34.18	-6.1279E-02
34.19	-6.9795E-02
34.2	-7.3777E-02
34.21	-7.3444E-02
34.22	-6.9417E-02
34.23	-6.2626E-02
34.24	-5.4188E-02
34.25	-4.5263E-02
34.26	-3.6922E-02
34.27	-3.0080E-02
34.28	-2.5437E-02
34.29	-2.3435E-02
34.3	-2.4231E-02
34.31	-2.7724E-02
34.32	-3.3612E-02
34.33	-4.1427E-02
34.34	-5.0580E-02
34.35	-6.0429E-02
34.36	-7.0347E-02
34.37	-7.9765E-02
34.38	-8.8225E-02
34.39	-9.5432E-02
34.4	-1.0128E-01
34.41	-1.0581E-01
34.42	-1.0920E-01
34.43	-1.1170E-01
34.44	-1.1360E-01
34.45	-1.1515E-01
34.46	-1.1649E-01
34.47	-1.1769E-01
34.48	-1.1878E-01
34.49	-1.1970E-01
34.5	-1.2040E-01
34.51	-1.2084E-01
34.52	-1.2102E-01
34.53	-1.2101E-01
34.54	-1.2093E-01
34.55	-1.2095E-01
34.56	-1.2127E-01
34.57	-1.2208E-01
34.58	-1.2349E-01
34.59	-1.2554E-01
34.6	-1.2816E-01
34.61	-1.3114E-01
34.62	-1.3417E-01
34.63	-1.3689E-01
34.64	-1.3894E-01
34.65	-1.3993E-01
34.66	-1.3945E-01
34.67	-1.3719E-01
34.68	-1.3285E-01
34.69	-1.2619E-01
34.7	-1.1708E-01
34.71	-1.0561E-01
34.72	-9.2097E-02
34.73	-7.7076E-02
34.74	-6.1316E-02
34.75	-4.5809E-02
34.76	-3.1623E-02
34.77	-1.9734E-02
34.78	-1.0950E-02
34.79	-5.8429E-03
34.8	-4.6300E-03
34.81	-7.1129E-03
34.82	-1.2774E-02
34.83	-2.0892E-02
34.84	-3.0564E-02
34.85	-4.0749E-02
34.86	-5.0395E-02
34.87	-5.8550E-02
34.88	-6.4339E-02
34.89	-6.6976E-02
34.9	-6.5893E-02
34.91	-6.0830E-02
34.92	-5.1785E-02
34.93	-3.8979E-02
34.94	-2.2912E-02
34.95	-4.3610E-03
34.96	1.5760E-02
34.97	3.6525E-02
34.98	5.6990E-02
34.99	7.6234E-02
35	9.3493E-02
35.01	1.0825E-01
35.02	1.2019E-01
35.03	1.2916E-01
35.04	1.3521E-01
35.05	1.3864E-01
35.06	1.3987E-01
35.07	1.3933E-01
35.08	1.3758E-01
35.09	1.3519E-01
35.1	1.3269E-01
35.11	1.3048E-01
35.12	1.2886E-01
35.13	1.2810E-01
35.14	1.2834E-01
35.15	1.2957E-01
35.16	1.3171E-01
35.17	1.3464E-01
35.18	1.3812E-01
35.19	1.4181E-01
35.2	1.4533E-01
35.21	1.4835E-01
35.22	1.5056E-01
35.23	1.5172E-01
35.24	1.5180E-01
35.25	1.5093E-01
35.26	1.4935E-01
35.27	1.4737E-01
35.28	1.4534E-01
35.29	1.4356E-01
35.3	1.4221E-01
35.31	1.4134E-01
35.32	1.4092E-01
35.33	1.4089E-01
35.34	1.4118E-01
35.35	1.4173E-01
35.36	1.4256E-01
35.37	1.4372E-01
35.38	1.4521E-01
35.39	1.4697E-01
35.4	1.4890E-01
35.41	1.5076E-01
35.42	1.5230E-01
35.43	1.5330E-01
35.44	1.5363E-01
35.45	1.5326E-01
35.46	1.5227E-01
35.47	1.5077E-01
35.48	1.4889E-01
35.49	1.4663E-01
35.5	1.4392E-01
35.51	1.4060E-01
35.52	1.3646E-01
35.53	1.3132E-01
35.54	1.2508E-01
35.55	1.1784E-01
35.56	1.0982E-01
35.57	1.0139E-01
35.58	9.2996E-02
35.59	8.5173E-02
35.6	7.8422E-02
35.61	7.3150E-02
35.62	6.9684E-02
35.63	6.8263E-02
35.64	6.8997E-02
35.65	7.1839E-02
35.66	7.6620E-02
35.67	8.3058E-02
35.68	9.0700E-02
35.69	9.8941E-02
35.7	1.0712E-01
35.71	1.1458E-01
35.72	1.2071E-01
35.73	1.2496E-01
35.74	1.2701E-01
35.75	1.2674E-01
35.76	1.2424E-01
35.77	1.1977E-01
35.78	1.1378E-01
35.79	1.0689E-01
35.8	9.9789E-02
35.81	9.3139E-02
35.82	8.7566E-02
35.83	8.3575E-02
35.84	8.1432E-02
35.85	8.1132E-02
35.86	8.2446E-02
35.87	8.4939E-02
35.88	8.7983E-02
35.89	9.0852E-02
35.9	9.2870E-02
35.91	9.3485E-02
35.92	9.2289E-02
35.93	8.9065E-02
35.94	8.3835E-02
35.95	7.6818E-02
35.96	6.8342E-02
35.97	5.8804E-02
35.98	4.8662E-02
35.99	3.8372E-02
36	2.8329E-02
36.01	1.8854E-02
36.02	1.0210E-02
36.03	2.5606E-03
36.04	-4.0659E-03
36.05	-9.7559E-03
36.06	-1.4661E-02
36.07	-1.8980E-02
36.08	-2.2937E-02
36.09	-2.6705E-02
36.1	-3.0340E-02
36.11	-3.3774E-02
36.12	-3.6847E-02
36.13	-3.9319E-02
36.14	-4.0916E-02
36.15	-4.1423E-02
36.16	-4.0768E-02
36.17	-3.9056E-02
36.18	-3.6588E-02
36.19	-3.3877E-02
36.2	-3.1609E-02
36.21	-3.0538E-02
36.22	-3.1381E-02
36.23	-3.4749E-02
36.24	-4.1073E-02
36.25	-5.0520E-02
36.26	-6.2964E-02
36.27	-7.7996E-02
36.28	-9.4949E-02
36.29	-1.1294E-01
36.3	-1.3092E-01
36.31	-1.4780E-01
36.32	-1.6253E-01
36.33	-1.7418E-01
36.34	-1.8203E-01
36.35	-1.8567E-01
36.36	-1.8506E-01
36.37	-1.8050E-01
36.38	-1.7261E-01
36.39	-1.6232E-01
36.4	-1.5069E-01
36.41	-1.3882E-01
36.42	-1.2771E-01
36.43	-1.1813E-01
36.44	-1.1060E-01
36.45	-1.0532E-01
36.46	-1.0217E-01
36.47	-1.0078E-01
36.48	-1.0059E-01
36.49	-1.0092E-01
36.5	-1.0107E-01
36.51	-1.0044E-01
36.52	-9.8610E-02
36.53	-9.5377E-02
36.54	-9.0790E-02
36.55	-8.5156E-02
36.56	-7.8977E-02
36.57	-7.2866E-02
36.58	-6.7481E-02
36.59	-6.3442E-02
36.6	-6.1241E-02
36.61	-6.1156E-02
36.62	-6.3211E-02
36.63	-6.7186E-02
36.64	-7.2633E-02
36.65	-7.8920E-02
36.66	-8.5319E-02
36.67	-9.1104E-02
36.68	-9.5604E-02
36.69	-9.8249E-02
36.7	-9.8634E-02
36.71	-9.6572E-02
36.72	-9.2101E-02
36.73	-8.5463E-02
36.74	-7.7100E-02
36.75	-6.7619E-02
36.76	-5.7696E-02
36.77	-4.7976E-02
36.78	-3.9002E-02
36.79	-3.1169E-02
36.8	-2.4670E-02
36.81	-1.9479E-02
36.82	-1.5407E-02
36.83	-1.2180E-02
36.84	-9.4975E-03
36.85	-7.0962E-03
36.86	-4.8417E-03
36.87	-2.7818E-03
36.88	-1.1202E-03
36.89	-1.5557E-04
36.9	-2.4409E-04
36.91	-1.7576E-03
36.92	-5.0003E-03
36.93	-1.0130E-02
36.94	-1.7143E-02
36.95	-2.5871E-02
36.96	-3.5955E-02
36.97	-4.6827E-02
36.98	-5.7748E-02
36.99	-6.7886E-02
37	-7.6354E-02
37.01	-8.2291E-02
37.02	-8.4989E-02
37.03	-8.4014E-02
37.04	-7.9252E-02
37.05	-7.0925E-02
37.06	-5.9615E-02
37.07	-4.6231E-02
37.08	-3.1892E-02
37.09	-1.7779E-02
37.1	-5.0315E-03
37.11	5.3458E-03
37.12	1.2604E-02
37.13	1.6328E-02
37.14	1.6443E-02
37.15	1.3194E-02
37.16	7.1374E-03
37.17	-8.9646E-04
37.18	-9.9158E-03
37.19	-1.8886E-02
37.2	-2.6821E-02
37.21	-3.2882E-02
37.22	-3.6503E-02
37.23	-3.7459E-02
37.24	-3.5855E-02
37.25	-3.2077E-02
37.26	-2.6735E-02
37.27	-2.0586E-02
37.28	-1.4403E-02
37.29	-8.8668E-03
37.3	-4.5057E-03
37.31	-1.6461E-03
37.32	-3.6774E-04
37.33	-4.9229E-04
37.34	-1.6226E-03
37.35	-3.2047E-03
37.36	-4.5910E-03
37.37	-5.1209E-03
37.38	-4.2229E-03
37.39	-1.5133E-03
37.4	3.1357E-03
37.41	9.5553E-03
37.42	1.7273E-02
37.43	2.5561E-02
37.44	3.3538E-02
37.45	4.0307E-02
37.46	4.5096E-02
37.47	4.7368E-02
37.48	4.6896E-02
37.49	4.3776E-02
37.5	3.8406E-02
37.51	3.1425E-02
37.52	2.3625E-02
37.53	1.5856E-02
37.54	8.9413E-03
37.55	3.5867E-03
37.56	3.0686E-04
37.57	-6.2889E-04
37.58	7.9071E-04
37.59	4.3220E-03
37.6	9.4815E-03
37.61	1.5601E-02
37.62	2.1921E-02
37.63	2.7688E-02
37.64	3.2229E-02
37.65	3.5042E-02
37.66	3.5893E-02
37.67	3.4853E-02
37.68	3.2260E-02
37.69	2.8661E-02
37.7	2.4746E-02
37.71	2.1231E-02
37.72	1.8725E-02
37.73	1.7635E-02
37.74	1.8120E-02
37.75	2.0065E-02
37.76	2.3056E-02
37.77	2.6444E-02
37.78	2.9454E-02
37.79	3.1284E-02
37.8	3.1193E-02
37.81	2.8611E-02
37.82	2.3253E-02
37.83	1.5153E-02
37.84	4.6470E-03
37.85	-7.6493E-03
37.86	-2.0881E-02
37.87	-3.4052E-02
37.88	-4.6148E-02
37.89	-5.6232E-02
37.9	-6.3518E-02
37.91	-6.7453E-02
37.92	-6.7793E-02
37.93	-6.4613E-02
37.94	-5.8279E-02
37.95	-4.9433E-02
37.96	-3.8940E-02
37.97	-2.7794E-02
37.98	-1.7019E-02
37.99	-7.5893E-03
38	-3.5031E-04
38.01	4.0918E-03
38.02	5.4471E-03
38.03	3.7452E-03
38.04	-6.9137E-04
38.05	-7.2837E-03
38.06	-1.5279E-02
38.07	-2.3878E-02
38.08	-3.2327E-02
38.09	-3.9967E-02
38.1	-4.6292E-02
38.11	-5.1004E-02
38.12	-5.4009E-02
38.13	-5.5356E-02
38.14	-5.5212E-02
38.15	-5.3860E-02
38.16	-5.1645E-02
38.17	-4.8908E-02
38.18	-4.5968E-02
38.19	-4.3139E-02
38.2	-4.0679E-02
38.21	-3.8731E-02
38.22	-3.7325E-02
38.23	-3.6409E-02
38.24	-3.5839E-02
38.25	-3.5368E-02
38.26	-3.4730E-02
38.27	-3.3724E-02
38.28	-3.2216E-02
38.29	-3.0124E-02
38.3	-2.7470E-02
38.31	-2.4405E-02
38.32	-2.1146E-02
38.33	-1.7893E-02
38.34	-1.4842E-02
38.35	-1.2192E-02
38.36	-1.0075E-02
38.37	-8.5006E-03
38.38	-7.4142E-03
38.39	-6.7399E-03
38.4	-6.3468E-03
38.41	-6.0269E-03
38.42	-5.5724E-03
38.43	-4.8315E-03
38.44	-3.6649E-03
38.45	-1.9197E-03
38.46	4.9322E-04
38.47	3.5427E-03
38.48	7.1273E-03
38.49	1.1109E-02
38.5	1.5257E-02
38.51	1.9219E-02
38.52	2.2626E-02
38.53	2.5164E-02
38.54	2.6555E-02
38.55	2.6575E-02
38.56	2.5155E-02
38.57	2.2446E-02
38.58	1.8750E-02
38.59	1.4466E-02
38.6	1.0114E-02
38.61	6.2894E-03
38.62	3.5128E-03
38.63	2.1280E-03
38.64	2.3201E-03
38.65	4.1175E-03
38.66	7.3292E-03
38.67	1.1549E-02
38.68	1.6265E-02
38.69	2.0940E-02
38.7	2.5004E-02
38.71	2.7892E-02
38.72	2.9156E-02
38.73	2.8525E-02
38.74	2.5889E-02
38.75	2.1301E-02
38.76	1.5053E-02
38.77	7.6662E-03
38.78	-1.9849E-04
38.79	-7.8125E-03
38.8	-1.4407E-02
38.81	-1.9251E-02
38.82	-2.1786E-02
38.83	-2.1708E-02
38.84	-1.8970E-02
38.85	-1.3789E-02
38.86	-6.6592E-03
38.87	1.6876E-03
38.88	1.0400E-02
38.89	1.8606E-02
38.9	2.5470E-02
38.91	3.0274E-02
38.92	3.2505E-02
38.93	3.1896E-02
38.94	2.8419E-02
38.95	2.2283E-02
38.96	1.3921E-02
38.97	3.9483E-03
38.98	-6.9176E-03
38.99	-1.7902E-02
39	-2.8221E-02
39.01	-3.7141E-02
39.02	-4.4045E-02
39.03	-4.8465E-02
39.04	-5.0107E-02
39.05	-4.8871E-02
39.06	-4.4852E-02
39.07	-3.8313E-02
39.08	-2.9662E-02
39.09	-1.9414E-02
39.1	-8.1352E-03
39.11	3.6040E-03
39.12	1.5245E-02
39.13	2.6257E-02
39.14	3.6175E-02
39.15	4.4620E-02
39.16	5.1291E-02
39.17	5.5962E-02
39.18	5.8520E-02
39.19	5.8975E-02
39.2	5.7441E-02
39.21	5.4121E-02
39.22	4.9336E-02
39.23	4.3513E-02
39.24	3.7128E-02
39.25	3.0666E-02
39.26	2.4624E-02
39.27	1.9482E-02
39.28	1.5627E-02
39.29	1.3325E-02
39.3	1.2738E-02
39.31	1.3924E-02
39.32	1.6791E-02
39.33	2.1106E-02
39.34	2.6549E-02
39.35	3.2746E-02
39.36	3.9258E-02
39.37	4.5624E-02
39.38	5.1448E-02
39.39	5.6435E-02
39.4	6.0363E-02
39.41	6.3096E-02
39.42	6.4636E-02
39.43	6.5110E-02
39.44	6.4710E-02
39.45	6.3659E-02
39.46	6.2226E-02
39.47	6.0694E-02
39.48	5.9281E-02
39.49	5.8113E-02
39.5	5.7247E-02
39.51	5.6667E-02
39.52	5.6237E-02
39.53	5.5715E-02
39.54	5.4824E-02
39.55	5.3278E-02
39.56	5.0768E-02
39.57	4.7024E-02
39.58	4.1893E-02
39.59	3.5372E-02
39.6	2.7575E-02
39.61	1.8736E-02
39.62	9.2382E-03
39.63	-4.3544E-04
39.64	-9.7855E-03
39.65	-1.8336E-02
39.66	-2.5638E-02
39.67	-3.1315E-02
39.68	-3.5125E-02
39.69	-3.6975E-02
39.7	-3.6895E-02
39.71	-3.5045E-02
39.72	-3.1738E-02
39.73	-2.7405E-02
39.74	-2.2536E-02
39.75	-1.7658E-02
39.76	-1.3312E-02
39.77	-9.9947E-03
39.78	-8.0732E-03
39.79	-7.7609E-03
39.8	-9.1191E-03
39.81	-1.2049E-02
39.82	-1.6296E-02
39.83	-2.1509E-02
39.84	-2.7311E-02
39.85	-3.3343E-02
39.86	-3.9292E-02
39.87	-4.4939E-02
39.88	-5.0185E-02
39.89	-5.5034E-02
39.9	-5.9555E-02
39.91	-6.3871E-02
39.92	-6.8125E-02
39.93	-7.2422E-02
39.94	-7.6775E-02
39.95	-8.1094E-02
39.96	-8.5185E-02
39.97	-8.8740E-02
39.98	-9.1365E-02
39.99	-9.2638E-02
40	-9.2173E-02
40.01	-8.9665E-02
40.02	-8.4943E-02
40.03	-7.8034E-02
40.04	-6.9187E-02
40.05	-5.8846E-02
40.06	-4.7633E-02
40.07	-3.6319E-02
40.08	-2.5750E-02
40.09	-1.6744E-02
40.1	-9.9998E-03
40.11	-6.0346E-03
40.12	-5.1138E-03
40.13	-7.1845E-03
40.14	-1.1860E-02
40.15	-1.8456E-02
40.16	-2.6044E-02
40.17	-3.3550E-02
40.18	-3.9888E-02
40.19	-4.4122E-02
40.2	-4.5573E-02
40.21	-4.3894E-02
40.22	-3.9116E-02
40.23	-3.1644E-02
40.24	-2.2180E-02
40.25	-1.1607E-02
40.26	-8.8862E-04
40.27	9.0253E-03
40.28	1.7303E-02
40.29	2.3339E-02
40.3	2.6815E-02
40.31	2.7713E-02
40.32	2.6321E-02
40.33	2.3219E-02
40.34	1.9216E-02
40.35	1.5252E-02
40.36	1.2279E-02
40.37	1.1155E-02
40.38	1.2509E-02
40.39	1.6635E-02
40.4	2.3447E-02
40.41	3.2481E-02
40.42	4.2953E-02
40.43	5.3843E-02
40.44	6.4042E-02
40.45	7.2505E-02
40.46	7.8381E-02
40.47	8.1102E-02
40.48	8.0434E-02
40.49	7.6518E-02
40.5	6.9840E-02
40.51	6.1170E-02
40.52	5.1468E-02
40.53	4.1783E-02
40.54	3.3139E-02
40.55	2.6413E-02
40.56	2.2236E-02
40.57	2.0926E-02
40.58	2.2452E-02
40.59	2.6425E-02
40.6	3.2144E-02
40.61	3.8687E-02
40.62	4.5032E-02
40.63	5.0167E-02
40.64	5.3207E-02
40.65	5.3511E-02
40.66	5.0759E-02
40.67	4.4981E-02
40.68	3.6530E-02
40.69	2.6036E-02
40.7	1.4338E-02
40.71	2.3912E-03
40.72	-8.8519E-03
40.73	-1.8536E-02
40.74	-2.5997E-02
40.75	-3.0843E-02
40.76	-3.3012E-02
40.77	-3.2760E-02
40.78	-3.0619E-02
40.79	-2.7324E-02
40.8	-2.3712E-02
40.81	-2.0595E-02
40.82	-1.8636E-02
40.83	-1.8290E-02
40.84	-1.9775E-02
40.85	-2.3047E-02
40.86	-2.7812E-02
40.87	-3.3576E-02
40.88	-3.9724E-02
40.89	-4.5591E-02
40.9	-5.0534E-02
40.91	-5.4016E-02
40.92	-5.5672E-02
40.93	-5.5347E-02
40.94	-5.3131E-02
40.95	-4.9376E-02
40.96	-4.4668E-02
40.97	-3.9753E-02
40.98	-3.5448E-02
40.99	-3.2540E-02
41	-3.1673E-02
41.01	-3.3227E-02
41.02	-3.7245E-02
41.03	-4.3443E-02
41.04	-5.1242E-02
41.05	-5.9819E-02
41.06	-6.8207E-02
41.07	-7.5425E-02
41.08	-8.0583E-02
41.09	-8.2958E-02
41.1	-8.2081E-02
41.11	-7.7801E-02
41.12	-7.0287E-02
41.13	-5.9978E-02
41.14	-4.7548E-02
41.15	-3.3868E-02
41.16	-1.9899E-02
41.17	-6.5657E-03
41.18	5.3162E-03
41.19	1.5093E-02
41.2	2.2352E-02
41.21	2.6991E-02
41.22	2.9186E-02
41.23	2.9329E-02
41.24	2.7976E-02
41.25	2.5782E-02
41.26	2.3384E-02
41.27	2.1291E-02
41.28	1.9868E-02
41.29	1.9323E-02
41.3	1.9670E-02
41.31	2.0711E-02
41.32	2.2117E-02
41.33	2.3521E-02
41.34	2.4554E-02
41.35	2.4881E-02
41.36	2.4296E-02
41.37	2.2787E-02
41.38	2.0513E-02
41.39	1.7753E-02
41.4	1.4907E-02
41.41	1.2463E-02
41.42	1.0896E-02
41.43	1.0576E-02
41.44	1.1754E-02
41.45	1.4545E-02
41.46	1.8874E-02
41.47	2.4450E-02
41.48	3.0843E-02
41.49	3.7570E-02
41.5	4.4112E-02
41.51	4.9947E-02
41.52	5.4644E-02
41.53	5.7943E-02
41.54	5.9749E-02
41.55	6.0119E-02
41.56	5.9291E-02
41.57	5.7690E-02
41.58	5.5826E-02
41.59	5.4197E-02
41.6	5.3247E-02
41.61	5.3306E-02
41.62	5.4488E-02
41.63	5.6647E-02
41.64	5.9433E-02
41.65	6.2345E-02
41.66	6.4768E-02
41.67	6.6032E-02
41.68	6.5553E-02
41.69	6.2933E-02
41.7	5.8005E-02
41.71	5.0847E-02
41.72	4.1828E-02
41.73	3.1589E-02
41.74	2.0961E-02
41.75	1.0871E-02
41.76	2.2682E-03
41.77	-3.9577E-03
41.78	-7.0970E-03
41.79	-6.7129E-03
41.8	-2.6805E-03
41.81	4.7943E-03
41.82	1.5164E-02
41.83	2.7580E-02
41.84	4.0994E-02
41.85	5.4275E-02
41.86	6.6301E-02
41.87	7.6053E-02
41.88	8.2730E-02
41.89	8.5831E-02
41.9	8.5192E-02
41.91	8.0991E-02
41.92	7.3734E-02
41.93	6.4200E-02
41.94	5.3347E-02
41.95	4.2188E-02
41.96	3.1691E-02
41.97	2.2681E-02
41.98	1.5752E-02
41.99	1.1216E-02
42	9.1037E-03
42.01	9.1887E-03
42.02	1.1038E-02
42.03	1.4079E-02
42.04	1.7695E-02
42.05	2.1315E-02
42.06	2.4475E-02
42.07	2.6852E-02
42.08	2.8289E-02
42.09	2.8794E-02
42.1	2.8507E-02
42.11	2.7654E-02
42.12	2.6507E-02
42.13	2.5334E-02
42.14	2.4346E-02
42.15	2.3647E-02
42.16	2.3213E-02
42.17	2.2886E-02
42.18	2.2388E-02
42.19	2.1352E-02
42.2	1.9393E-02
42.21	1.6184E-02
42.22	1.1521E-02
42.23	5.3651E-03
42.24	-2.1202E-03
42.25	-1.0555E-02
42.26	-1.9379E-02
42.27	-2.7919E-02
42.28	-3.5466E-02
42.29	-4.1352E-02
42.3	-4.5053E-02
42.31	-4.6273E-02
42.32	-4.4983E-02
42.33	-4.1429E-02
42.34	-3.6131E-02
42.35	-2.9842E-02
42.36	-2.3452E-02
42.37	-1.7884E-02
42.38	-1.3995E-02
42.39	-1.2483E-02
42.4	-1.3778E-02
42.41	-1.7978E-02
42.42	-2.4843E-02
42.43	-3.3823E-02
42.44	-4.4101E-02
42.45	-5.4673E-02
42.46	-6.4467E-02
42.47	-7.2465E-02
42.48	-7.7797E-02
42.49	-7.9831E-02
42.5	-7.8268E-02
42.51	-7.3197E-02
42.52	-6.5067E-02
42.53	-5.4654E-02
42.54	-4.2990E-02
42.55	-3.1270E-02
42.56	-2.0692E-02
42.57	-1.2320E-02
42.58	-6.9759E-03
42.59	-5.1525E-03
42.6	-6.9436E-03
42.61	-1.2026E-02
42.62	-1.9720E-02
42.63	-2.9086E-02
42.64	-3.9029E-02
42.65	-4.8413E-02
42.66	-5.6202E-02
42.67	-6.1560E-02
42.68	-6.3910E-02
42.69	-6.2973E-02
42.7	-5.8800E-02
42.71	-5.1764E-02
42.72	-4.2512E-02
42.73	-3.1895E-02
42.74	-2.0912E-02
42.75	-1.0611E-02
42.76	-1.9679E-03
42.77	4.2225E-03
42.78	7.4273E-03
42.79	7.4327E-03
42.8	4.3746E-03
42.81	-1.2851E-03
42.82	-8.8317E-03
42.83	-1.7394E-02
42.84	-2.6054E-02
42.85	-3.3954E-02
42.86	-4.0401E-02
42.87	-4.4916E-02
42.88	-4.7260E-02
42.89	-4.7423E-02
42.9	-4.5608E-02
42.91	-4.2183E-02
42.92	-3.7637E-02
42.93	-3.2520E-02
42.94	-2.7387E-02
42.95	-2.2740E-02
42.96	-1.8977E-02
42.97	-1.6349E-02
42.98	-1.4928E-02
42.99	-1.4615E-02
43	-1.5177E-02
43.01	-1.6297E-02
43.02	-1.7627E-02
43.03	-1.8849E-02
43.04	-1.9732E-02
43.05	-2.0170E-02
43.06	-2.0188E-02
43.07	-1.9932E-02
43.08	-1.9650E-02
43.09	-1.9657E-02
43.1	-2.0272E-02
43.11	-2.1776E-02
43.12	-2.4375E-02
43.13	-2.8166E-02
43.14	-3.3088E-02
43.15	-3.8914E-02
43.16	-4.5270E-02
43.17	-5.1663E-02
43.18	-5.7519E-02
43.19	-6.2254E-02
43.2	-6.5369E-02
43.21	-6.6521E-02
43.22	-6.5547E-02
43.23	-6.2487E-02
43.24	-5.7583E-02
43.25	-5.1244E-02
43.26	-4.3964E-02
43.27	-3.6272E-02
43.28	-2.8691E-02
43.29	-2.1684E-02
43.3	-1.5597E-02
43.31	-1.0646E-02
43.32	-6.9116E-03
43.33	-4.3297E-03
43.34	-2.6723E-03
43.35	-1.5789E-03
43.36	-6.1892E-04
43.37	6.5834E-04
43.38	2.6746E-03
43.39	5.7459E-03
43.4	1.0003E-02
43.41	1.5360E-02
43.42	2.1532E-02
43.43	2.8065E-02
43.44	3.4390E-02
43.45	3.9915E-02
43.46	4.4113E-02
43.47	4.6586E-02
43.48	4.7083E-02
43.49	4.5535E-02
43.5	4.2071E-02
43.51	3.6986E-02
43.52	3.0705E-02
43.53	2.3754E-02
43.54	1.6735E-02
43.55	1.0275E-02
43.56	4.9493E-03
43.57	1.2376E-03
43.58	-5.1603E-04
43.59	-1.5064E-04
43.6	2.2841E-03
43.61	6.5439E-03
43.62	1.2229E-02
43.63	1.8821E-02
43.64	2.5732E-02
43.65	3.2389E-02
43.66	3.8292E-02
43.67	4.3046E-02
43.68	4.6376E-02
43.69	4.8159E-02
43.7	4.8427E-02
43.71	4.7341E-02
43.72	4.5165E-02
43.73	4.2235E-02
43.74	3.8935E-02
43.75	3.5626E-02
43.76	3.2611E-02
43.77	3.0107E-02
43.78	2.8239E-02
43.79	2.7020E-02
43.8	2.6373E-02
43.81	2.6171E-02
43.82	2.6268E-02
43.83	2.6508E-02
43.84	2.6749E-02
43.85	2.6896E-02
43.86	2.6901E-02
43.87	2.6747E-02
43.88	2.6436E-02
43.89	2.6010E-02
43.9	2.5537E-02
43.91	2.5094E-02
43.92	2.4765E-02
43.93	2.4639E-02
43.94	2.4776E-02
43.95	2.5186E-02
43.96	2.5810E-02
43.97	2.6541E-02
43.98	2.7222E-02
43.99	2.7655E-02
44	2.7647E-02
44.01	2.7068E-02
44.02	2.5870E-02
44.03	2.4081E-02
44.04	2.1813E-02
44.05	1.9263E-02
44.06	1.6674E-02
44.07	1.4276E-02
44.08	1.2259E-02
44.09	1.0768E-02
44.1	9.8720E-03
44.11	9.5452E-03
44.12	9.6847E-03
44.13	1.0139E-02
44.14	1.0710E-02
44.15	1.1153E-02
44.16	1.1216E-02
44.17	1.0683E-02
44.18	9.3681E-03
44.19	7.1310E-03
44.2	3.9167E-03
44.21	-1.9871E-04
44.22	-5.0169E-03
44.23	-1.0245E-02
44.24	-1.5507E-02
44.25	-2.0371E-02
44.26	-2.4422E-02
44.27	-2.7332E-02
44.28	-2.8879E-02
44.29	-2.8969E-02
44.3	-2.7668E-02
44.31	-2.5212E-02
44.32	-2.1950E-02
44.33	-1.8291E-02
44.34	-1.4677E-02
44.35	-1.1557E-02
44.36	-9.3188E-03
44.37	-8.2326E-03
44.38	-8.4546E-03
44.39	-1.0037E-02
44.4	-1.2905E-02
44.41	-1.6848E-02
44.42	-2.1555E-02
44.43	-2.6672E-02
44.44	-3.1808E-02
44.45	-3.6569E-02
44.46	-4.0621E-02
44.47	-4.3745E-02
44.48	-4.5827E-02
44.49	-4.6847E-02
44.5	-4.6898E-02
44.51	-4.6180E-02
44.52	-4.4936E-02
44.53	-4.3398E-02
44.54	-4.1777E-02
44.55	-4.0246E-02
44.56	-3.8884E-02
44.57	-3.7646E-02
44.58	-3.6390E-02
44.59	-3.4905E-02
44.6	-3.2921E-02
44.61	-3.0148E-02
44.62	-2.6344E-02
44.63	-2.1385E-02
44.64	-1.5276E-02
44.65	-8.1667E-03
44.66	-3.7382E-04
44.67	7.6434E-03
44.68	1.5365E-02
44.69	2.2291E-02
44.7	2.7989E-02
44.71	3.2134E-02
44.72	3.4569E-02
44.73	3.5335E-02
44.74	3.4637E-02
44.75	3.2810E-02
44.76	3.0300E-02
44.77	2.7641E-02
44.78	2.5389E-02
44.79	2.4062E-02
44.8	2.4110E-02
44.81	2.5869E-02
44.82	2.9493E-02
44.83	3.4918E-02
44.84	4.1865E-02
44.85	4.9875E-02
44.86	5.8327E-02
44.87	6.6514E-02
44.88	7.3736E-02
44.89	7.9406E-02
44.9	8.3097E-02
44.91	8.4582E-02
44.92	8.3857E-02
44.93	8.1138E-02
44.94	7.6806E-02
44.95	7.1348E-02
44.96	6.5308E-02
44.97	5.9248E-02
44.98	5.3678E-02
44.99	4.9026E-02
45	4.5609E-02
45.01	4.3615E-02
45.02	4.3084E-02
45.03	4.3904E-02
45.04	4.5844E-02
45.05	4.8589E-02
45.06	5.1779E-02
45.07	5.5054E-02
45.08	5.8094E-02
45.09	6.0652E-02
45.1	6.2574E-02
45.11	6.3792E-02
45.12	6.4315E-02
45.13	6.4218E-02
45.14	6.3623E-02
45.15	6.2682E-02
45.16	6.1553E-02
45.17	6.0369E-02
45.18	5.9229E-02
45.19	5.8177E-02
45.2	5.7188E-02
45.21	5.6169E-02
45.22	5.4983E-02
45.23	5.3477E-02
45.24	5.1501E-02
45.25	4.8940E-02
45.26	4.5754E-02
45.27	4.1994E-02
45.28	3.7783E-02
45.29	3.3299E-02
45.3	2.8768E-02
45.31	2.4443E-02
45.32	2.0554E-02
45.33	1.7288E-02
45.34	1.4794E-02
45.35	1.3191E-02
45.36	1.2533E-02
45.37	1.2788E-02
45.38	1.3839E-02
45.39	1.5488E-02
45.4	1.7436E-02
45.41	1.9296E-02
45.42	2.0664E-02
45.43	2.1174E-02
45.44	2.0521E-02
45.45	1.8498E-02
45.46	1.5054E-02
45.47	1.0305E-02
45.48	4.4839E-03
45.49	-2.0977E-03
45.5	-9.0545E-03
45.51	-1.5963E-02
45.52	-2.2442E-02
45.53	-2.8200E-02
45.54	-3.3021E-02
45.55	-3.6775E-02
45.56	-3.9468E-02
45.57	-4.1243E-02
45.58	-4.2343E-02
45.59	-4.3089E-02
45.6	-4.3886E-02
45.61	-4.5177E-02
45.62	-4.7356E-02
45.63	-5.0702E-02
45.64	-5.5374E-02
45.65	-6.1382E-02
45.66	-6.8546E-02
45.67	-7.6514E-02
45.68	-8.4833E-02
45.69	-9.3007E-02
45.7	-1.0051E-01
45.71	-1.0683E-01
45.72	-1.1157E-01
45.73	-1.1449E-01
45.74	-1.1548E-01
45.75	-1.1461E-01
45.76	-1.1213E-01
45.77	-1.0842E-01
45.78	-1.0397E-01
45.79	-9.9275E-02
45.8	-9.4879E-02
45.81	-9.1267E-02
45.82	-8.8825E-02
45.83	-8.7809E-02
45.84	-8.8355E-02
45.85	-9.0470E-02
45.86	-9.4025E-02
45.87	-9.8783E-02
45.88	-1.0446E-01
45.89	-1.1075E-01
45.9	-1.1732E-01
45.91	-1.2388E-01
45.92	-1.3015E-01
45.93	-1.3594E-01
45.94	-1.4111E-01
45.95	-1.4558E-01
45.96	-1.4933E-01
45.97	-1.5236E-01
45.98	-1.5466E-01
45.99	-1.5615E-01
46	-1.5674E-01
46.01	-1.5628E-01
46.02	-1.5459E-01
46.03	-1.5148E-01
46.04	-1.4682E-01
46.05	-1.4053E-01
46.06	-1.3257E-01
46.07	-1.2303E-01
46.08	-1.1210E-01
46.09	-1.0002E-01
46.1	-8.7141E-02
46.11	-7.3866E-02
46.12	-6.0649E-02
46.13	-4.7920E-02
46.14	-3.6076E-02
46.15	-2.5480E-02
46.16	-1.6405E-02
46.17	-8.9838E-03
46.18	-3.2046E-03
46.19	1.0584E-03
46.2	4.0544E-03
46.21	6.1508E-03
46.22	7.7621E-03
46.23	9.2777E-03
46.24	1.1055E-02
46.25	1.3422E-02
46.26	1.6620E-02
46.27	2.0767E-02
46.28	2.5878E-02
46.29	3.1882E-02
46.3	3.8589E-02
46.31	4.5677E-02
46.32	5.2768E-02
46.33	5.9509E-02
46.34	6.5579E-02
46.35	7.0696E-02
46.36	7.4687E-02
46.37	7.7531E-02
46.38	7.9320E-02
46.39	8.0219E-02
46.4	8.0483E-02
46.41	8.0447E-02
46.42	8.0455E-02
46.43	8.0801E-02
46.44	8.1749E-02
46.45	8.3531E-02
46.46	8.6291E-02
46.47	9.0059E-02
46.48	9.4780E-02
46.49	1.0034E-01
46.5	1.0655E-01
46.51	1.1310E-01
46.52	1.1967E-01
46.53	1.2599E-01
46.54	1.3183E-01
46.55	1.3698E-01
46.56	1.4135E-01
46.57	1.4492E-01
46.58	1.4770E-01
46.59	1.4970E-01
46.6	1.5097E-01
46.61	1.5153E-01
46.62	1.5140E-01
46.63	1.5054E-01
46.64	1.4889E-01
46.65	1.4639E-01
46.66	1.4295E-01
46.67	1.3848E-01
46.68	1.3289E-01
46.69	1.2619E-01
46.7	1.1845E-01
46.71	1.0980E-01
46.72	1.0047E-01
46.73	9.0762E-02
46.74	8.1037E-02
46.75	7.1651E-02
46.76	6.2940E-02
46.77	5.5183E-02
46.78	4.8548E-02
46.79	4.3080E-02
46.8	3.8710E-02
46.81	3.5265E-02
46.82	3.2486E-02
46.83	3.0059E-02
46.84	2.7653E-02
46.85	2.4951E-02
46.86	2.1675E-02
46.87	1.7623E-02
46.88	1.2701E-02
46.89	6.9405E-03
46.9	5.0755E-04
46.91	-6.3105E-03
46.92	-1.3147E-02
46.93	-1.9612E-02
46.94	-2.5336E-02
46.95	-3.0017E-02
46.96	-3.3470E-02
46.97	-3.5654E-02
46.98	-3.6683E-02
46.99	-3.6802E-02
47	-3.6372E-02
47.01	-3.5826E-02
47.02	-3.5608E-02
47.03	-3.6118E-02
47.04	-3.7667E-02
47.05	-4.0450E-02
47.06	-4.4517E-02
47.07	-4.9765E-02
47.08	-5.5965E-02
47.09	-6.2781E-02
47.1	-6.9782E-02
47.11	-7.6488E-02
47.12	-8.2425E-02
47.13	-8.7185E-02
47.14	-9.0459E-02
47.15	-9.2070E-02
47.16	-9.1992E-02
47.17	-9.0360E-02
47.18	-8.7438E-02
47.19	-8.3589E-02
47.2	-7.9240E-02
47.21	-7.4840E-02
47.22	-7.0790E-02
47.23	-6.7403E-02
47.24	-6.4876E-02
47.25	-6.3272E-02
47.26	-6.2500E-02
47.27	-6.2344E-02
47.28	-6.2512E-02
47.29	-6.2686E-02
47.3	-6.2554E-02
47.31	-6.1859E-02
47.32	-6.0444E-02
47.33	-5.8266E-02
47.34	-5.5390E-02
47.35	-5.1965E-02
47.36	-4.8216E-02
47.37	-4.4394E-02
47.38	-4.0741E-02
47.39	-3.7452E-02
47.4	-3.4661E-02
47.41	-3.2419E-02
47.42	-3.0675E-02
47.43	-2.9287E-02
47.44	-2.8039E-02
47.45	-2.6654E-02
47.46	-2.4821E-02
47.47	-2.2239E-02
47.48	-1.8665E-02
47.49	-1.3945E-02
47.5	-8.0472E-03
47.51	-1.0673E-03
47.52	6.7783E-03
47.53	1.5180E-02
47.54	2.3768E-02
47.55	3.2151E-02
47.56	3.9951E-02
47.57	4.6842E-02
47.58	5.2571E-02
47.59	5.6975E-02
47.6	5.9999E-02
47.61	6.1696E-02
47.62	6.2222E-02
47.63	6.1808E-02
47.64	6.0724E-02
47.65	5.9245E-02
47.66	5.7607E-02
47.67	5.5987E-02
47.68	5.4476E-02
47.69	5.3083E-02
47.7	5.1746E-02
47.71	5.0355E-02
47.72	4.8784E-02
47.73	4.6911E-02
47.74	4.4647E-02
47.75	4.1942E-02
47.76	3.8794E-02
47.77	3.5253E-02
47.78	3.1430E-02
47.79	2.7492E-02
47.8	2.3648E-02
47.81	2.0143E-02
47.82	1.7248E-02
47.83	1.5224E-02
47.84	1.4280E-02
47.85	1.4530E-02
47.86	1.5969E-02
47.87	1.8464E-02
47.88	2.1768E-02
47.89	2.5565E-02
47.9	2.9508E-02
47.91	3.3267E-02
47.92	3.6549E-02
47.93	3.9113E-02
47.94	4.0780E-02
47.95	4.1435E-02
47.96	4.1023E-02
47.97	3.9558E-02
47.98	3.7129E-02
47.99	3.3903E-02
48	3.0099E-02
48.01	2.5979E-02
48.02	2.1821E-02
48.03	1.7897E-02
48.04	1.4431E-02
48.05	1.1573E-02
48.06	9.3808E-03
48.07	7.8155E-03
48.08	6.7445E-03
48.09	5.9686E-03
48.1	5.2614E-03
48.11	4.3969E-03
48.12	3.1664E-03
48.13	1.4058E-03
48.14	-9.8057E-04
48.15	-4.0145E-03
48.16	-7.6458E-03
48.17	-1.1740E-02
48.18	-1.6068E-02
48.19	-2.0331E-02
48.2	-2.4197E-02
48.21	-2.7335E-02
48.22	-2.9448E-02
48.23	-3.0307E-02
48.24	-2.9787E-02
48.25	-2.7865E-02
48.26	-2.4617E-02
48.27	-2.0224E-02
48.28	-1.4958E-02
48.29	-9.1513E-03
48.3	-3.1581E-03
48.31	2.6629E-03
48.32	7.9737E-03
48.33	1.2502E-02
48.34	1.6073E-02
48.35	1.8623E-02
48.36	2.0202E-02
48.37	2.0986E-02
48.38	2.1254E-02
48.39	2.1344E-02
48.4	2.1591E-02
48.41	2.2289E-02
48.42	2.3633E-02
48.43	2.5690E-02
48.44	2.8393E-02
48.45	3.1581E-02
48.46	3.5014E-02
48.47	3.8398E-02
48.48	4.1416E-02
48.49	4.3777E-02
48.5	4.5240E-02
48.51	4.5614E-02
48.52	4.4787E-02
48.53	4.2755E-02
48.54	3.9628E-02
48.55	3.5609E-02
48.56	3.0983E-02
48.57	2.6099E-02
48.58	2.1330E-02
48.59	1.7012E-02
48.6	1.3413E-02
48.61	1.0713E-02
48.62	8.9828E-03
48.63	8.1715E-03
48.64	8.1390E-03
48.65	8.7038E-03
48.66	9.6660E-03
48.67	1.0822E-02
48.68	1.1993E-02
48.69	1.3053E-02
48.7	1.3925E-02
48.71	1.4567E-02
48.72	1.4983E-02
48.73	1.5236E-02
48.74	1.5423E-02
48.75	1.5654E-02
48.76	1.6027E-02
48.77	1.6620E-02
48.78	1.7450E-02
48.79	1.8458E-02
48.8	1.9520E-02
48.81	2.0477E-02
48.82	2.1140E-02
48.83	2.1309E-02
48.84	2.0805E-02
48.85	1.9503E-02
48.86	1.7336E-02
48.87	1.4287E-02
48.88	1.0401E-02
48.89	5.7990E-03
48.9	6.6051E-04
48.91	-4.7855E-03
48.92	-1.0261E-02
48.93	-1.5452E-02
48.94	-2.0046E-02
48.95	-2.3779E-02
48.96	-2.6459E-02
48.97	-2.7990E-02
48.98	-2.8400E-02
48.99	-2.7845E-02
49	-2.6568E-02
49.01	-2.4849E-02
49.02	-2.2978E-02
49.03	-2.1225E-02
49.04	-1.9802E-02
49.05	-1.8843E-02
49.06	-1.8400E-02
49.07	-1.8455E-02
49.08	-1.8913E-02
49.09	-1.9613E-02
49.1	-2.0342E-02
49.11	-2.0857E-02
49.12	-2.0901E-02
49.13	-2.0245E-02
49.14	-1.8727E-02
49.15	-1.6291E-02
49.16	-1.3006E-02
49.17	-9.0765E-03
49.18	-4.8346E-03
49.19	-7.1590E-04
49.2	2.7961E-03
49.21	5.2347E-03
49.22	6.2059E-03
49.23	5.4315E-03
49.24	2.7806E-03
49.25	-1.7092E-03
49.26	-7.8267E-03
49.27	-1.5198E-02
49.28	-2.3314E-02
49.29	-3.1571E-02
49.3	-3.9323E-02
49.31	-4.5942E-02
49.32	-5.0877E-02
49.33	-5.3723E-02
49.34	-5.4263E-02
49.35	-5.2496E-02
49.36	-4.8636E-02
49.37	-4.3087E-02
49.38	-3.6400E-02
49.39	-2.9211E-02
49.4	-2.2175E-02
49.41	-1.5901E-02
49.42	-1.0894E-02
49.43	-7.5058E-03
49.44	-5.9228E-03
49.45	-6.1554E-03
49.46	-8.0371E-03
49.47	-1.1240E-02
49.48	-1.5317E-02
49.49	-1.9763E-02
49.5	-2.4069E-02
49.51	-2.7784E-02
49.52	-3.0582E-02
49.53	-3.2307E-02
49.54	-3.2980E-02
49.55	-3.2776E-02
49.56	-3.1998E-02
49.57	-3.1018E-02
49.58	-3.0204E-02
49.59	-2.9852E-02
49.6	-3.0162E-02
49.61	-3.1209E-02
49.62	-3.2937E-02
49.63	-3.5164E-02
49.64	-3.7635E-02
49.65	-4.0061E-02
49.66	-4.2150E-02
49.67	-4.3624E-02
49.68	-4.4269E-02
49.69	-4.3962E-02
49.7	-4.2685E-02
49.71	-4.0541E-02
49.72	-3.7768E-02
49.73	-3.4738E-02
49.74	-3.1901E-02
49.75	-2.9726E-02
49.76	-2.8653E-02
49.77	-2.9020E-02
49.78	-3.0998E-02
49.79	-3.4551E-02
49.8	-3.9445E-02
49.81	-4.5279E-02
49.82	-5.1514E-02
49.83	-5.7527E-02
49.84	-6.2697E-02
49.85	-6.6479E-02
49.86	-6.8448E-02
49.87	-6.8336E-02
49.88	-6.6073E-02
49.89	-6.1795E-02
49.9	-5.5828E-02
49.91	-4.8652E-02
49.92	-4.0875E-02
49.93	-3.3180E-02
49.94	-2.6240E-02
49.95	-2.0649E-02
49.96	-1.6877E-02
49.97	-1.5218E-02
49.98	-1.5748E-02
49.99	-1.8321E-02
50	-1.8321E-02
